Kmer	RefCount	ReadCount	RefPc	ReadPc
CTCTA	1307	682	0.0283	0.0394
CTTTT	6298	1452	0.1363	0.0840
CTCTT	3777	1480	0.0818	0.0856
CTCTG	3390	1528	0.0734	0.0884
CTCTC	2159	821	0.0467	0.0475
GAGGA	2368	1322	0.0513	0.0765
CGATG	7210	2527	0.1561	0.1461
GCGAA	7359	2040	0.1593	0.1180
GCGAC	5411	1714	0.1171	0.0991
GAGGG	1433	738	0.0310	0.0427
CGATT	5099	2212	0.1104	0.1279
GAGGC	2382	1370	0.0516	0.0792
ATGTT	5058	1998	0.1095	0.1155
AGTTG	4011	1525	0.0868	0.0882
GCGAT	8823	2699	0.1910	0.1561
ATGTC	3500	1286	0.0758	0.0744
GCGAG	3687	1410	0.0798	0.0815
ATGTA	2428	1020	0.0526	0.0590
CGATA	6369	2336	0.1379	0.1351
GATAC	3779	1751	0.0818	0.1013
AGTTT	4882	1727	0.1057	0.0999
ATGTG	3183	1169	0.0689	0.0676
CGATC	5445	1752	0.1179	0.1013
GATAA	7541	2623	0.1633	0.1517
GAGGT	1995	962	0.0432	0.0556
ATAGT	2321	1011	0.0502	0.0585
CTTTG	5518	1871	0.1195	0.1082
CTTTC	5921	2151	0.1282	0.1244
CTTTA	5389	1849	0.1167	0.1069
GATAG	2941	1284	0.0637	0.0743
AGTTC	4240	1669	0.0918	0.0965
GATAT	5829	2029	0.1262	0.1173
AGTTA	2965	1353	0.0642	0.0782
ATAGC	3640	1254	0.0788	0.0725
ATAGA	2086	1183	0.0452	0.0684
ATAGG	1318	755	0.0285	0.0437
GCGCA	9303	2666	0.2014	0.1542
GCGCC	8470	2511	0.1834	0.1452
GCGCG	9273	2749	0.2007	0.1590
GACAG	3244	1347	0.0702	0.0779
GACAC	2298	857	0.0497	0.0496
GACAA	4102	1521	0.0888	0.0880
AGGTT	4041	1431	0.0875	0.0828
GCGCT	7836	2234	0.1696	0.1292
ATTGT	4224	1365	0.0914	0.0789
GATCG	5435	2169	0.1177	0.1254
ATTGG	3763	1533	0.0815	0.0887
ATAAT	5573	2210	0.1206	0.1278
GACAT	3395	1254	0.0735	0.0725
GATCC	4143	1368	0.0897	0.0791
GATCA	5568	1827	0.1205	0.1057
ATTGA	5589	2083	0.1210	0.1205
AGGTG	3821	1303	0.0827	0.0754
ACATG	2918	1204	0.0632	0.0696
YTGAC	1	0	0.0000	0.0000
AGGTC	2642	1021	0.0572	0.0590
ATTGC	7344	2555	0.1590	0.1478
ATAAC	5424	1642	0.1174	0.0950
ACATT	3800	1572	0.0823	0.0909
GATCT	3875	1228	0.0839	0.0710
ATAAG	3126	1385	0.0677	0.0801
ATAAA	7712	2795	0.1670	0.1616
AGGTA	3016	1319	0.0653	0.0763
AGAGT	2398	992	0.0519	0.0574
ACATC	4922	1722	0.1066	0.0996
ACATA	2585	939	0.0560	0.0543
GACCA	4868	1484	0.1054	0.0858
CGCTG	11974	3383	0.2592	0.1956
TTATT	7004	2569	0.1516	0.1486
GACCG	4316	1634	0.0934	0.0945
CGCTT	6648	2359	0.1439	0.1364
GACCC	1844	901	0.0399	0.0521
CGCTA	3866	1106	0.0837	0.0640
GACCT	2683	860	0.0581	0.0497
CGCTC	4200	1666	0.0909	0.0963
ATACT	2507	1032	0.0543	0.0597
ATCGT	4861	2238	0.1052	0.1294
ATACG	3341	1525	0.0723	0.0882
ATCGG	5238	1794	0.1134	0.1037
ATCGA	5287	2366	0.1145	0.1368
ATACC	4780	1746	0.1035	0.1010
ATCGC	8812	2863	0.1908	0.1656
ATACA	2680	1246	0.0580	0.0721
GAAAA	9016	2160	0.1952	0.1249
GCGGG	5474	2003	0.1185	0.1158
CTAGG	126	427	0.0027	0.0247
ATTCT	3818	1690	0.0827	0.0977
CTAGT	277	463	0.0060	0.0268
GAAAG	6054	1990	0.1311	0.1151
CGTTA	5772	2336	0.1250	0.1351
GCGGA	5504	1542	0.1192	0.0892
CGTTC	4892	2061	0.1059	0.1192
GAAAC	5643	2247	0.1222	0.1299
GCGGC	9645	2918	0.2088	0.1687
GCTAA	3332	1163	0.0721	0.0673
GCGGT	7569	2270	0.1639	0.1313
GATGC	7216	2525	0.1562	0.1460
GCTAC	3248	1105	0.0703	0.0639
ACCTT	4070	1234	0.0881	0.0714
GATGA	7702	2570	0.1667	0.1486
GCTAG	361	659	0.0078	0.0381
ATCAT	6274	2428	0.1358	0.1404
ATTCC	3995	1942	0.0865	0.1123
CTAGC	374	756	0.0081	0.0437
CTAGA	146	556	0.0032	0.0322
GATGG	6367	2086	0.1378	0.1206
GAAAT	6633	2391	0.1436	0.1383
ATTCG	3833	1702	0.0830	0.0984
GATGT	4926	1589	0.1066	0.0919
CTGTT	6714	2532	0.1454	0.1464
CGTTT	7084	2425	0.1534	0.1402
GCTAT	3663	1105	0.0793	0.0639
ACCTC	2053	689	0.0444	0.0398
ATTCA	5593	2162	0.1211	0.1250
ACCTG	6087	1650	0.1318	0.0954
ATCAC	6151	2272	0.1332	0.1314
ATCAA	7134	2614	0.1544	0.1512
ACCTR	1	0	0.0000	0.0000
ATCAG	7868	2733	0.1703	0.1580
CTGTC	3243	1275	0.0702	0.0737
CGTTG	6437	2752	0.1394	0.1591
CTGTA	3309	1447	0.0716	0.0837
AGACT	1775	867	0.0384	0.0501
ACCTA	1227	616	0.0266	0.0356
CTGTG	3267	1506	0.0707	0.0871
AGCGT	6314	2509	0.1367	0.1451
AGAGA	3258	1163	0.0705	0.0673
GCCAA	5521	1961	0.1195	0.1134
GAACC	3541	1424	0.0767	0.0823
AGAGC	2977	1304	0.0644	0.0754
GACGC	5884	1953	0.1274	0.1129
GAACA	5296	1918	0.1147	0.1109
GACGA	4266	1434	0.0924	0.0829
TATAT	2675	585	0.0579	0.0338
GCCAG	12903	3465	0.2793	0.2004
CTRGC	1	0	0.0000	0.0000
GAACG	4914	1953	0.1064	0.1129
AGAGG	2141	929	0.0464	0.0537
GACGG	4439	1589	0.0961	0.0919
GCCAC	5813	1643	0.1258	0.0950
GCTCC	2624	1397	0.0568	0.0808
GACGT	3609	1345	0.0781	0.0778
TATAG	1667	589	0.0361	0.0341
GCTCG	3385	1501	0.0733	0.0868
TCGAT	5427	2289	0.1175	0.1324
TATAC	1822	696	0.0394	0.0402
TATAA	2859	1008	0.0619	0.0583
TAGGT	1252	632	0.0271	0.0365
ATCCT	3477	1434	0.0753	0.0829
GCCAT	7289	2399	0.1578	0.1387
GCTCA	4267	1772	0.0924	0.1025
GAACT	4115	1284	0.0891	0.0743
GCTCT	3014	1361	0.0652	0.0787
TCGAG	2406	1253	0.0521	0.0725
TAGGG	884	523	0.0191	0.0302
TCGAC	4012	1483	0.0869	0.0858
TCGAA	3556	1607	0.0770	0.0929
TAGGC	1411	760	0.0305	0.0440
TAGGA	557	682	0.0121	0.0394
ATCCC	3932	1695	0.0851	0.0980
ATCCG	5451	1998	0.1180	0.1155
ATCCA	5325	1999	0.1153	0.1156
GCCCC	2846	1372	0.0616	0.0793
GCCCA	4434	1680	0.0960	0.0972
CTACG	2574	1036	0.0557	0.0599
CTCGG	2417	997	0.0523	0.0577
CTACC	2705	958	0.0586	0.0554
AGAAC	3952	1585	0.0856	0.0917
CTCGT	1974	1397	0.0427	0.0808
GCCCG	5490	1977	0.1189	0.1143
AGAAA	6533	2052	0.1414	0.1187
TAGAT	1609	1134	0.0348	0.0656
CTCGC	3757	1249	0.0813	0.0722
CTACA	2147	764	0.0465	0.0442
CTCGA	2366	1158	0.0512	0.0670
TAGAG	1360	853	0.0294	0.0493
GCCCT	2828	883	0.0612	0.0511
TAGAC	989	657	0.0214	0.0380
TAGAA	1756	1171	0.0380	0.0677
AGCCG	4907	2247	0.1062	0.1299
CTACT	1599	681	0.0346	0.0394
AGCCT	3309	1392	0.0716	0.0805
GCAAC	6811	2384	0.1475	0.1379
GGGAC	1334	748	0.0289	0.0433
GAAGG	4399	2175	0.0952	0.1258
CCATA	3617	1374	0.0783	0.0795
ACTTT	4733	1249	0.1025	0.0722
CTAAG	985	742	0.0213	0.0429
CGGTA	6601	2109	0.1429	0.1220
GCAAA	9017	2923	0.1952	0.1690
AGCGA	5750	2036	0.1245	0.1177
CGGTC	4146	1387	0.0898	0.0802
GGGAG	1938	1098	0.0420	0.0635
GAAGC	5740	2511	0.1243	0.1452
CTAAC	2185	847	0.0473	0.0490
GAAGA	6463	2365	0.1399	0.1368
CTAAA	2536	1061	0.0549	0.0614
CGGTG	7328	1919	0.1586	0.1110
CTTGC	3835	1561	0.0830	0.0903
AGCGG	6516	2182	0.1411	0.1262
AGACG	3718	1169	0.0805	0.0676
CTTGA	2416	1190	0.0523	0.0688
GCAAG	3882	1521	0.0840	0.0880
AGACA	2584	1212	0.0559	0.0701
AGCGC	7930	2565	0.1717	0.1483
AGACC	2546	1023	0.0551	0.0592
GGGAA	3981	1709	0.0862	0.0988
ATTAT	5750	2036	0.1245	0.1177
GCTGG	12905	3565	0.2794	0.2062
ACTTC	4484	1328	0.0971	0.0768
AAATT	6568	2257	0.1422	0.1305
GGGAT	3931	1730	0.0851	0.1000
GAAGT	4306	1745	0.0932	0.1009
TAGCT	1704	938	0.0369	0.0542
ACTTG	1728	806	0.0374	0.0466
ATTAC	5086	1934	0.1101	0.1118
GCTGA	8742	3066	0.1893	0.1773
ATTAA	6309	2261	0.1366	0.1308
ATGGT	5499	1878	0.1190	0.1086
CCATG	3843	1698	0.0832	0.0982
GAGTC	1780	1189	0.0385	0.0688
CGAGT	1939	1035	0.0420	0.0599
GCTGC	8805	3055	0.1906	0.1767
ATTAG	1908	1114	0.0413	0.0644
GAGTA	2241	1129	0.0485	0.0653
GCAAT	7134	2495	0.1544	0.1443
CCATC	6583	2461	0.1425	0.1423
TAGCG	3879	1440	0.0840	0.0833
AAATC	7073	2716	0.1531	0.1571
TAGCC	2876	1151	0.0623	0.0666
AAATG	5907	2389	0.1279	0.1382
TAGCA	2088	1202	0.0452	0.0695
CTTGT	2207	770	0.0478	0.0445
GAGTG	2343	1095	0.0507	0.0633
GAGTT	3279	1224	0.0710	0.0708
ATGGC	7081	2286	0.1533	0.1322
ACTTA	2147	985	0.0465	0.0570
GCTGT	5998	2270	0.1298	0.1313
CCATT	5920	2174	0.1282	0.1257
AGTGT	2163	763	0.0468	0.0441
ATGGG	3228	1396	0.0699	0.0807
CGGTT	6352	2238	0.1375	0.1294
AGAAG	4189	2106	0.0907	0.1218
CTTGG	1190	836	0.0258	0.0483
CTAAT	1836	993	0.0397	0.0574
ATGGA	3803	1615	0.0823	0.0934
AGTGG	3648	1264	0.0790	0.0731
AGAAT	3805	1902	0.0824	0.1100
AAATA	6049	2020	0.1310	0.1168
AGTGA	4013	1569	0.0869	0.0907
AGTGC	3737	1379	0.0809	0.0797
GCCGG	6518	2308	0.1411	0.1335
CTCCG	2654	1400	0.0575	0.0810
GGGCG	5610	1602	0.1214	0.0926
GCACC	5885	1936	0.1274	0.1120
GCCGC	9655	2904	0.2090	0.1679
GCACA	3905	1478	0.0845	0.0855
CTCCC	1824	1143	0.0395	0.0661
AATTT	6466	2253	0.1400	0.1303
GCCGA	6143	2201	0.1330	0.1273
CTCCA	3076	1349	0.0666	0.0780
TCTAT	2009	900	0.0435	0.0520
AGCAA	6628	2359	0.1435	0.1364
TATGT	2463	1045	0.0533	0.0604
AGCAC	4552	1776	0.0985	0.1027
GGGCA	4434	1828	0.0960	0.1057
GGGCC	2081	872	0.0451	0.0504
GCACG	4363	1681	0.0945	0.0972
AATTC	4112	1881	0.0890	0.1088
GGGCT	3141	1205	0.0680	0.0697
GCACT	3878	1477	0.0840	0.0854
AATTA	4605	1730	0.0997	0.1000
GCCGT	6157	2373	0.1333	0.1372
AGTAT	2472	1072	0.0535	0.0620
TCTAG	163	656	0.0035	0.0379
AATTG	4365	1571	0.0945	0.0908
ACGTT	5372	2052	0.1163	0.1187
TCTAC	2183	987	0.0473	0.0571
TATGG	3610	1188	0.0782	0.0687
TAAAT	5194	2546	0.1124	0.1472
TCTAA	1160	883	0.0251	0.0511
TCGGT	5048	1650	0.1093	0.0954
ATGAT	6132	2353	0.1328	0.1361
TATGC	3841	1405	0.0832	0.0813
TATGA	3234	1420	0.0700	0.0821
ATGAG	3138	1701	0.0679	0.0984
AGTAG	1673	889	0.0362	0.0514
ACGTA	2822	1330	0.0611	0.0769
TAAAG	5242	2186	0.1135	0.1264
AGTAC	2710	1280	0.0587	0.0740
CGAGA	2729	1125	0.0591	0.0651
ACGTC	3546	1279	0.0768	0.0740
TCGGG	2745	1328	0.0594	0.0768
TAAAC	5008	2303	0.1084	0.1332
CGAGC	3336	1635	0.0722	0.0946
TAAAA	6653	1376	0.1440	0.0796
ACGTG	2753	1224	0.0596	0.0708
TCGGC	6238	1908	0.1350	0.1103
CGAGG	2341	1083	0.0507	0.0626
ATGAC	4938	1750	0.1069	0.1012
TCGGA	1913	960	0.0414	0.0555
ATGAA	6424	2647	0.1391	0.1531
CTCCT	1983	1005	0.0429	0.0581
AGGGG	1822	815	0.0394	0.0471
AGTAA	3705	1695	0.0802	0.0980
AGGGT	2334	1061	0.0505	0.0614
ACAGT	3070	1327	0.0665	0.0767
CTCAC	2791	1091	0.0604	0.0631
CTCAA	3589	1311	0.0777	0.0758
AGCCC	3254	1426	0.0704	0.0825
TCTCT	3252	1296	0.0704	0.0749
AGCCA	6118	2219	0.1324	0.1283
CTCAG	2507	1285	0.0543	0.0743
CGACG	5286	1901	0.1144	0.1099
AACTT	3721	1226	0.0806	0.0709
TCTCG	2692	1131	0.0583	0.0654
TCCAT	3927	1721	0.0850	0.0995
CCCTG	4278	1358	0.0926	0.0785
TCTCC	3107	1428	0.0673	0.0826
TAACT	2919	948	0.0632	0.0548
TCTCA	2560	1069	0.0554	0.0618
TACGT	2731	1305	0.0591	0.0755
CGCGT	5999	2190	0.1299	0.1266
CCCTC	1412	927	0.0306	0.0536
ATGCT	4777	2102	0.1034	0.1216
CGACT	2951	1222	0.0639	0.0707
CCCTA	833	438	0.0180	0.0253
AACTC	3326	1087	0.0720	0.0629
AACTA	1743	794	0.0377	0.0459
ATGCG	5814	2194	0.1259	0.1269
CTTCT	4209	1625	0.0911	0.0940
AACTG	7039	2302	0.1524	0.1331
TCCAG	7922	2323	0.1715	0.1343
AGCAT	4730	2391	0.1024	0.1383
TAACG	5886	1942	0.1274	0.1123
AGTCG	2892	1285	0.0626	0.0743
TACGG	3530	1345	0.0764	0.0778
ATGCA	4556	1942	0.0986	0.1123
TCCAC	3888	1434	0.0842	0.0829
AGTCT	1755	892	0.0380	0.0516
TAACC	4866	1777	0.1053	0.1028
TCCAA	1278	983	0.0277	0.0568
TACGC	5414	1986	0.1172	0.1148
TAACA	3826	1402	0.0828	0.0811
CCCTT	2475	1115	0.0536	0.0645
TACGA	2351	1263	0.0509	0.0730
ATGCC	6516	2319	0.1411	0.1341
CTTCG	5123	1761	0.1109	0.1018
CTCAT	3142	1478	0.0680	0.0855
CTTCC	5336	2057	0.1155	0.1190
CTTCA	6255	2320	0.1354	0.1342
AGCAG	7276	2723	0.1575	0.1575
GCAGA	6750	2180	0.1461	0.1261
AGTCA	3096	1627	0.0670	0.0941
AGTCC	1642	768	0.0355	0.0444
CTGGG	4937	1643	0.1069	0.0950
CGTGG	4881	1807	0.1057	0.1045
CGAAT	3735	1697	0.0809	0.0981
GCAGG	7760	2727	0.1680	0.1577
CTGGC	12896	3476	0.2792	0.2010
TATCT	3935	1394	0.0852	0.0806
GCAGC	9138	3614	0.1978	0.2090
CTGGA	7749	2165	0.1678	0.1252
GGGGA	2657	1308	0.0575	0.0756
GGGGC	2767	972	0.0599	0.0562
CGTGT	2293	1132	0.0496	0.0655
GGGGG	1450	545	0.0314	0.0315
GGTAG	2902	1002	0.0628	0.0579
GCGTA	5367	2061	0.1162	0.1192
GCGTC	5779	2051	0.1251	0.1186
CGAAG	4850	1969	0.1050	0.1139
GTGAC	3905	1396	0.0845	0.0807
GTGAA	6146	2251	0.1331	0.1302
TATCG	6298	2107	0.1363	0.1218
GCAGT	5379	2131	0.1164	0.1232
TCGCT	5785	1974	0.1252	0.1142
GCGTG	6224	2206	0.1347	0.1276
TACAT	2499	1114	0.0541	0.0644
CAATG	5735	2186	0.1242	0.1264
TATCC	4341	1555	0.0940	0.0899
TATCA	5472	1957	0.1185	0.1132
CGTGA	4682	2281	0.1014	0.1319
CAATC	5168	2161	0.1119	0.1250
GGTAC	3247	1478	0.0703	0.0855
GGGGT	1825	1148	0.0395	0.0664
CGTGC	4408	2037	0.0954	0.1178
CAATA	5554	1928	0.1202	0.1115
GGTAA	6298	2149	0.1363	0.1243
GATTA	5009	2045	0.1084	0.1183
CTTAT	3026	1318	0.0655	0.0762
TACAG	3350	1356	0.0725	0.0784
GTGAT	6105	1973	0.1322	0.1141
ACACT	2155	723	0.0467	0.0418
GCGTT	8269	2896	0.1790	0.1675
TCGCG	6371	1915	0.1379	0.1107
TACAC	2103	758	0.0455	0.0438
AGGCT	3167	1240	0.0686	0.0717
TCGCC	9384	2471	0.2032	0.1429
TACAA	2666	1235	0.0577	0.0714
CCTTG	2348	994	0.0508	0.0575
CGCGA	6358	1823	0.1376	0.1054
TCGCA	3787	1680	0.0820	0.0972
GATTG	5168	2047	0.1119	0.1184
CGCGC	9275	2621	0.2008	0.1516
CGACA	4648	1430	0.1006	0.0827
CCTTC	4379	1747	0.0948	0.1010
CGACC	4258	1416	0.0922	0.0819
CAATT	4319	1601	0.0935	0.0926
GGTAT	4617	1513	0.1000	0.0875
CCTTA	2134	1122	0.0462	0.0649
GATTC	3572	1886	0.0773	0.1091
CGCGG	6363	2124	0.1378	0.1228
GTGAG	2798	1387	0.0606	0.0802
AGGCG	5822	2076	0.1260	0.1201
ACACG	2331	943	0.0505	0.0545
ACCGG	6580	2121	0.1424	0.1227
CTTAC	2579	1281	0.0558	0.0741
AGGCC	3410	1272	0.0738	0.0736
CTTAA	3194	1393	0.0691	0.0806
CTGGT	8120	2239	0.1758	0.1295
CCTTT	4663	1452	0.1009	0.0840
ACCGT	5650	2460	0.1223	0.1423
GATTT	7043	2609	0.1525	0.1509
CTTAG	998	861	0.0216	0.0498
GGCAG	7407	2933	0.1604	0.1696
CGCCT	5835	1974	0.1263	0.1142
AGGGC	2848	953	0.0617	0.0551
ACAGC	5992	2120	0.1297	0.1226
GGCAA	8744	3060	0.1893	0.1770
ACAGA	3424	1482	0.0741	0.0857
GGCAC	4661	1711	0.1009	0.0989
ACAGG	4117	1595	0.0891	0.0922
AGGGA	2164	1179	0.0468	0.0682
GACTA	1565	693	0.0339	0.0401
GTGCG	4835	1664	0.1047	0.0962
GGTCG	4205	1563	0.0910	0.0904
CGCCG	10119	2933	0.2191	0.1696
GTGCC	4714	1844	0.1021	0.1066
GTGCA	3913	1340	0.0847	0.0775
GGTCA	5419	1782	0.1173	0.1031
TACCT	2895	949	0.0627	0.0549
GACTG	3429	1536	0.0742	0.0888
GGTCC	1443	820	0.0312	0.0474
GGCAT	6481	2551	0.1403	0.1475
GACTC	1786	893	0.0387	0.0516
TACCG	6675	2333	0.1445	0.1349
GTGCT	4343	1942	0.0940	0.1123
CCTRG	1	0	0.0000	0.0000
TACCC	3395	1350	0.0735	0.0781
TACCA	4165	1757	0.0902	0.1016
CGAAA	6172	1768	0.1336	0.1022
GACTT	2744	994	0.0594	0.0575
CGAAC	4280	1555	0.0927	0.0899
GGTCT	2391	1040	0.0518	0.0601
CGTCC	2923	1115	0.0633	0.0645
CTGCC	7269	2918	0.1574	0.1687
CGCAT	5927	2350	0.1283	0.1359
CTGCA	6102	2258	0.1321	0.1306
CGTCG	5279	1923	0.1143	0.1112
GGCCA	3842	1191	0.0832	0.0689
AAAGA	6104	1949	0.1321	0.1127
GGCCC	2143	940	0.0464	0.0544
ACAAA	5614	2053	0.1215	0.1187
CTGCG	7877	2385	0.1705	0.1379
GGCCG	3226	1280	0.0698	0.0740
AAAGC	7362	2442	0.1594	0.1412
CGCAC	5098	1606	0.1104	0.0929
CGCAG	7970	2765	0.1725	0.1599
CACTG	5273	1841	0.1142	0.1065
CACTC	2376	1198	0.0514	0.0693
TCACT	4039	1356	0.0874	0.0784
CACTA	2098	779	0.0454	0.0450
GGCCT	3330	1323	0.0721	0.0765
TCCGT	3050	1733	0.0660	0.1002
CGTCA	6226	2301	0.1348	0.1331
ACCCT	2250	886	0.0487	0.0512
TCACG	4810	2013	0.1041	0.1164
TCCGG	6387	1964	0.1383	0.1136
CACTT	4042	1104	0.0875	0.0638
CGCCA	13159	3322	0.2849	0.1921
TCACC	7270	2333	0.1574	0.1349
CGCCC	5690	1707	0.1232	0.0987
TCCGC	5489	1813	0.1188	0.1048
TCACA	2820	1113	0.0610	0.0644
CGTCT	3669	1466	0.0794	0.0848
CTGCT	6920	2357	0.1498	0.1363
TCCGA	1891	965	0.0409	0.0558
ACCCC	1844	939	0.0399	0.0543
ACCCG	4460	1665	0.0966	0.0963
CGTAA	4902	2151	0.1061	0.1244
CGGGT	4506	1755	0.0975	0.1015
CCAGT	7299	2124	0.1580	0.1228
CTGAA	7629	2701	0.1652	0.1562
CGTAC	3356	1502	0.0727	0.0869
GGTGA	7360	1923	0.1593	0.1112
CGTAG	2658	1346	0.0575	0.0778
GGAAA	6400	2331	0.1386	0.1348
ACCGA	5026	1910	0.1088	0.1105
GGAAC	4087	1427	0.0885	0.0825
AGGCA	4302	2261	0.0931	0.1308
CTGAG	2318	1388	0.0502	0.0803
ACACC	4266	1239	0.0924	0.0717
GGAAG	5600	2158	0.1212	0.1248
CCAGG	5948	1814	0.1288	0.1049
ACCGC	7795	2511	0.1688	0.1452
ACACA	2147	818	0.0465	0.0473
CTGAC	6368	1895	0.1379	0.1096
GAATC	3559	1832	0.0770	0.1059
CGGGG	2538	1406	0.0549	0.0813
TGGCA	8395	2907	0.1817	0.1681
GAATA	5100	2143	0.1104	0.1239
GTGGG	3077	1146	0.0666	0.0663
TGGCC	3729	1319	0.0807	0.0763
CCGTG	4109	2112	0.0890	0.1221
AAGTT	3725	1502	0.0806	0.0869
GTGGC	5665	1748	0.1226	0.1011
TGGCG	12697	3097	0.2749	0.1791
CCGTC	4437	1755	0.0961	0.1015
GGTGC	5789	1867	0.1253	0.1080
GTGGA	3771	1463	0.0816	0.0846
CCGTA	3649	1796	0.0790	0.1039
GGAAT	4117	1831	0.0891	0.1059
GAATG	4417	2105	0.0956	0.1217
GGTGG	5738	1586	0.1242	0.0917
GAATT	4155	1852	0.0900	0.1071
AGGAT	3501	1750	0.0758	0.1012
ACTGG	7301	2141	0.1581	0.1238
ACAAT	4195	1583	0.0908	0.0915
GTTAG	2113	1066	0.0457	0.0616
GCTTG	3135	1557	0.0679	0.0900
TGGCT	6205	2147	0.1343	0.1242
AAGTC	2690	1180	0.0582	0.0682
GTTAC	4150	1741	0.0898	0.1007
AAGTA	2490	1192	0.0539	0.0689
CATTG	5727	2036	0.1240	0.1177
GTTAA	5737	2195	0.1242	0.1269
GTGGT	5615	1467	0.1216	0.0848
CCGTT	5873	2509	0.1271	0.1451
AAGTG	4020	1221	0.0870	0.0706
CATTC	4464	1888	0.0966	0.1092
GGTGT	4211	1240	0.0912	0.0717
TRGCG	1	0	0.0000	0.0000
ACTGT	3147	1354	0.0681	0.0783
CATTA	5382	1975	0.1165	0.1142
GCTTA	3437	1620	0.0744	0.0937
CGCAA	6381	2175	0.1381	0.1258
GCTTC	5696	2252	0.1233	0.1302
GCTTT	7537	2480	0.1632	0.1434
CGTAT	3332	1596	0.0721	0.0923
AGGAG	1950	1227	0.0422	0.0710
ACAAC	4544	1766	0.0984	0.1021
AAAGG	4498	1707	0.0974	0.0987
GGCGA	9175	2458	0.1986	0.1421
AGGAA	4181	1903	0.0905	0.1100
GTTAT	5400	2043	0.1169	0.1181
GGCGC	8381	2358	0.1814	0.1364
GGACA	2182	848	0.0472	0.0490
AGGAC	1559	888	0.0338	0.0514
ACAAG	2270	1043	0.0491	0.0603
CATTT	6206	2690	0.1344	0.1556
AAAGT	4784	1428	0.1036	0.0826
ACTGC	5258	2060	0.1138	0.1191
CTGAT	7948	2614	0.1721	0.1512
ACTGA	4702	1971	0.1018	0.1140
GGACC	1396	885	0.0302	0.0512
GGCGG	8748	2368	0.1894	0.1369
GGACG	2915	1019	0.0631	0.0589
AACGC	8494	2996	0.1839	0.1733
AAACA	6391	2351	0.1384	0.1360
AACGA	4362	1826	0.0944	0.1056
GCCTC	2318	1405	0.0502	0.0813
GCCTA	1437	790	0.0311	0.0457
AATGT	3991	1498	0.0864	0.0866
GTCAG	6300	2284	0.1364	0.1321
TGGAA	6019	2147	0.1303	0.1242
ACTAT	2230	801	0.0483	0.0463
TGGAC	2465	897	0.0534	0.0519
GTCAC	3825	1351	0.0828	0.0781
GGCGT	7970	2349	0.1725	0.1358
GTCAA	3241	1621	0.0702	0.0937
TCCCT	2097	1184	0.0454	0.0685
TGGAG	3034	1361	0.0657	0.0787
GGACT	1694	774	0.0367	0.0448
GCCTG	8553	2946	0.1852	0.1704
GCCTT	4486	1560	0.0971	0.0902
ACTAA	1846	932	0.0400	0.0539
ACGGT	5322	1733	0.1152	0.1002
AATGC	6424	2713	0.1391	0.1569
GTTCG	4305	1630	0.0932	0.0943
TGGAT	5119	1891	0.1108	0.1094
AATGG	5596	2222	0.1211	0.1285
AAAAT	8943	1808	0.1936	0.1046
GTCAT	5008	1887	0.1084	0.1091
TCCCG	3675	1644	0.0796	0.0951
ACTAC	2176	750	0.0471	0.0434
GTTCC	4122	1700	0.0892	0.0983
GTTCA	5653	2202	0.1224	0.1273
TCCCC	2575	1039	0.0557	0.0601
ACTAG	268	487	0.0058	0.0282
CGGGA	3781	1552	0.0819	0.0898
TCCCA	2573	1514	0.0557	0.0876
CGGGC	5329	2099	0.1154	0.1214
AAAAC	8453	2110	0.1830	0.1220
CCAGC	13275	3896	0.2874	0.2253
ACGGC	6233	1960	0.1349	0.1133
AAAAA	11383	623	0.2464	0.0360
CCAGA	7530	2102	0.1630	0.1216
AAAAG	6095	1116	0.1319	0.0645
ACGGG	3182	1570	0.0689	0.0908
GTTCT	3969	1716	0.0859	0.0992
AATGA	5418	2375	0.1173	0.1373
TAGTT	1878	950	0.0407	0.0549
CGGCT	5034	1954	0.1090	0.1130
CCACG	4845	1551	0.1049	0.0897
CCCGG	4649	1939	0.1006	0.1121
ACCCA	3596	1555	0.0778	0.0899
TCTGT	3273	1457	0.0709	0.0843
CCACC	5844	1840	0.1265	0.1064
CGGCA	10136	3258	0.2194	0.1884
ACTCT	2334	893	0.0505	0.0516
CGGCC	3311	1269	0.0717	0.0734
TAGTG	2128	911	0.0461	0.0527
GTCCG	2822	1037	0.0611	0.0600
CGGCG	10167	2758	0.2201	0.1595
TAGTC	1441	813	0.0312	0.0470
TAGTA	1252	857	0.0271	0.0496
GTCCC	1341	761	0.0290	0.0440
TCTGG	7447	2030	0.1612	0.1174
TCAAT	5614	2177	0.1215	0.1259
GTCCA	2619	899	0.0567	0.0520
CCACT	3693	1361	0.0799	0.0787
TCTGC	6452	2303	0.1397	0.1332
CCCGT	3203	1609	0.0693	0.0930
TAAGT	2168	1003	0.0469	0.0580
AAACT	4923	1648	0.1066	0.0953
TCTGA	4109	1475	0.0890	0.0853
ACTCC	2267	1037	0.0491	0.0600
AACGT	5420	1931	0.1173	0.1117
ACTCA	3064	1241	0.0663	0.0718
ACTCG	2088	1033	0.0452	0.0597
ACCAT	5490	1990	0.1189	0.1151
TCAAG	2432	1213	0.0526	0.0701
GTCCT	1466	862	0.0317	0.0498
TAAGG	2313	1220	0.0501	0.0706
TCAAC	6111	2312	0.1323	0.1337
TCAAA	5176	1910	0.1121	0.1105
TAAGC	3486	1495	0.0755	0.0865
TAAGA	1986	1154	0.0430	0.0667
ACCAC	5744	1641	0.1244	0.0949
AACGG	5919	2202	0.1281	0.1273
GGAGA	3142	1422	0.0680	0.0822
ACCAA	4540	2059	0.0983	0.1191
AAACC	6807	2449	0.1474	0.1416
GGAGC	2637	1409	0.0571	0.0815
ACCAG	8102	2347	0.1754	0.1357
AAACG	6975	2679	0.1510	0.1549
CCTGA	6764	2084	0.1464	0.1205
CGGAT	5426	1526	0.1175	0.0882
GGAGT	2288	1053	0.0495	0.0609
GGAGG	1613	1127	0.0349	0.0652
CCAAG	1207	952	0.0261	0.0551
CCAAC	4293	1831	0.0929	0.1059
CAAGG	2457	1144	0.0532	0.0662
TGAAA	8224	2641	0.1780	0.1527
CCAAA	4159	1958	0.0900	0.1132
TGAAC	5568	2012	0.1205	0.1164
CGGAA	6027	1987	0.1305	0.1149
CAGTG	5061	1748	0.1096	0.1011
GGGTG	3410	1360	0.0738	0.0786
GCATC	6969	2842	0.1509	0.1644
TGAAG	6208	2563	0.1344	0.1482
CGGAC	2835	996	0.0614	0.0576
GTAAG	2608	1289	0.0565	0.0745
GCATA	3845	1633	0.0832	0.0944
CAGTC	3490	1388	0.0756	0.0803
AATCT	3909	1633	0.0846	0.0944
CGGAG	2712	1327	0.0587	0.0767
CAGTA	4601	1757	0.0996	0.1016
GTAAC	4150	1579	0.0898	0.0913
TGTGA	2870	1234	0.0621	0.0714
GTAAA	6086	2397	0.1318	0.1386
CCTGG	6037	1786	0.1307	0.1033
CCAAT	3847	1622	0.0833	0.0938
TGTGC	3861	1506	0.0836	0.0871
GGGTA	3277	1276	0.0709	0.0738
CAAGT	1658	922	0.0359	0.0533
GGGTC	1880	1136	0.0407	0.0657
CCTGC	7639	2502	0.1654	0.1447
GCATG	4179	2166	0.0905	0.1253
TGTGG	3850	1167	0.0833	0.0675
AATCA	7126	2837	0.1543	0.1641
TGAAT	5593	2504	0.1211	0.1448
CYTGA	1	0	0.0000	0.0000
TTGGG	2150	1097	0.0465	0.0634
GCATT	6574	2630	0.1423	0.1521
AACAT	5122	1852	0.1109	0.1071
ACGCT	6318	2146	0.1368	0.1241
TTGGC	5436	1960	0.1177	0.1133
AATCC	4481	2164	0.0970	0.1251
CAGTT	7225	2598	0.1564	0.1502
TTGGA	1356	1054	0.0294	0.0610
GTTGG	4311	1918	0.0933	0.1109
GTAAT	5144	2141	0.1114	0.1238
AATCG	5236	2297	0.1134	0.1328
GTTGC	6886	2431	0.1491	0.1406
GTTGA	6068	2292	0.1314	0.1325
GGGTT	3655	1536	0.0791	0.0888
CCTGT	4118	1680	0.0891	0.0972
TGTGT	2135	671	0.0462	0.0388
ACGCA	5557	2126	0.1203	0.1229
CCCGC	5580	1718	0.1208	0.0994
CCACA	3993	1236	0.0864	0.0715
AACAA	6104	2320	0.1321	0.1342
TTTAC	6219	2143	0.1346	0.1239
CCCGA	2783	1204	0.0602	0.0696
TTGGT	4531	1795	0.0981	0.1038
TTTAA	5865	2179	0.1270	0.1260
ACGCC	8113	2524	0.1756	0.1460
AACAC	3954	1457	0.0856	0.0843
ACGCG	6220	2160	0.1347	0.1249
GTTGT	4500	1806	0.0974	0.1044
AACAG	6657	2416	0.1441	0.1397
TTTAG	2391	1129	0.0518	0.0653
TCTTG	2453	996	0.0531	0.0576
CCCCG	2536	1182	0.0549	0.0684
TAATT	4474	1722	0.0969	0.0996
TCTTC	6353	2438	0.1375	0.1410
CCCCC	1486	536	0.0322	0.0310
ACGGA	3181	1367	0.0689	0.0791
TCTTA	2075	1121	0.0449	0.0648
CCCCA	2911	1281	0.0630	0.0741
TGCCA	8400	2736	0.1819	0.1582
TGCCC	4537	1837	0.0982	0.1062
TGCCG	10210	3325	0.2210	0.1923
GTACG	3290	1327	0.0712	0.0767
TAATG	5399	2126	0.1169	0.1229
GTCGG	3999	1480	0.0866	0.0856
GTACC	3253	1479	0.0704	0.0855
CCCCT	1818	886	0.0394	0.0512
GTACA	2697	1139	0.0584	0.0659
TAATC	4957	2221	0.1073	0.1284
GTCGC	5499	1789	0.1190	0.1035
TAATA	4055	1699	0.0878	0.0983
GTCGA	4041	1477	0.0875	0.0854
TGCCT	4321	2010	0.0935	0.1162
AACCT	3965	1397	0.0858	0.0808
GTACT	2724	1336	0.0590	0.0773
GTCGT	3609	1482	0.0781	0.0857
CAAGC	3197	1544	0.0692	0.0893
AACCC	3609	1494	0.0781	0.0864
CAAGA	2479	1115	0.0537	0.0645
AACCA	6366	2229	0.1378	0.1289
AACCG	6456	2540	0.1398	0.1469
TATTG	5674	1883	0.1228	0.1089
CCCAG	5146	1800	0.1114	0.1041
TCGTT	4663	2121	0.1009	0.1227
TATTC	5100	1840	0.1104	0.1064
CAACG	6414	2381	0.1389	0.1377
TATTA	4079	1589	0.0883	0.0919
CCCAC	2961	1270	0.0641	0.0734
CACGG	4033	1493	0.0873	0.0863
CCCAA	2172	1362	0.0470	0.0788
CAACC	5183	2006	0.1122	0.1160
CACGC	6401	2019	0.1386	0.1168
CAACA	6321	2376	0.1368	0.1374
TGCAA	5079	1730	0.1100	0.1000
TGCAC	3775	1478	0.0817	0.0855
TCGTG	3167	1712	0.0686	0.0990
CCTCG	2330	1134	0.0504	0.0656
TGCAG	6357	2231	0.1376	0.1290
TCGTC	4358	1721	0.0943	0.0995
CCCAT	3249	1598	0.0703	0.0924
CAACT	3871	1530	0.0838	0.0885
TCGTA	2433	1406	0.0527	0.0813
CCTCC	1523	1033	0.0330	0.0597
CACGT	2753	1305	0.0596	0.0755
CCTCA	2166	1081	0.0469	0.0625
TGTCA	3625	1436	0.0785	0.0830
TGTCC	2238	855	0.0485	0.0494
TCAGT	4655	1908	0.1008	0.1103
TTGCC	8918	2830	0.1931	0.1637
TGCAT	4394	1976	0.0951	0.1143
TTGCA	5076	1874	0.1099	0.1084
TGTCG	4743	1456	0.1027	0.0842
CCTCT	2028	960	0.0439	0.0555
TCAGG	6759	2321	0.1463	0.1342
TTGCG	6665	2143	0.1443	0.1239
TCAGC	8899	3231	0.1927	0.1868
TGTCT	2495	1093	0.0540	0.0632
TCAGA	4263	1618	0.0923	0.0936
TTGCT	6526	2539	0.1413	0.1468
GTAGA	2272	1085	0.0492	0.0627
CAAAG	5338	2236	0.1156	0.1293
CCGGG	4729	1912	0.1024	0.1106
TACTT	2600	1043	0.0563	0.0603
CAAAC	5977	2467	0.1294	0.1427
CCGGC	6485	2453	0.1404	0.1419
CAAAA	7814	1500	0.1692	0.0867
CCGGA	6423	1967	0.1391	0.1138
TGGGA	2583	1247	0.0559	0.0721
TGGGC	4317	1483	0.0935	0.0858
TGGGG	2912	1207	0.0630	0.0698
CCTAG	130	397	0.0028	0.0230
AATAT	6475	2005	0.1402	0.1159
TACTG	4645	1843	0.1006	0.1066
CATGG	3982	1680	0.0862	0.0972
CAAAT	4832	2640	0.1046	0.1527
CCTAC	1431	597	0.0310	0.0345
CCTAA	1208	666	0.0262	0.0385
CCGGT	6462	2000	0.1399	0.1157
TACTC	2235	1026	0.0484	0.0593
GTAGG	1532	755	0.0332	0.0437
CATGC	4176	1915	0.0904	0.1107
TACTA	1121	706	0.0243	0.0408
CATGA	4268	2087	0.0924	0.1207
GTAGC	3221	1301	0.0697	0.0752
TGTAA	3064	1411	0.0663	0.0816
TGGGT	3571	1346	0.0773	0.0778
TTGAA	5381	2121	0.1165	0.1227
TGTAC	2637	1020	0.0571	0.0590
GTGTG	2571	779	0.0557	0.0450
AATAC	4787	1908	0.1036	0.1103
TGTAG	2135	876	0.0462	0.0507
AATAA	6848	2569	0.1483	0.1486
AAGGT	3980	1454	0.0862	0.0841
GTGTC	2257	865	0.0489	0.0500
CCTAT	1307	726	0.0283	0.0420
AATAG	2657	1308	0.0575	0.0756
GTGTA	2101	842	0.0455	0.0487
GGTTC	3495	1535	0.0757	0.0888
ACGAT	4680	1900	0.1013	0.1099
GGTTA	4974	1792	0.1077	0.1036
TTGAG	3513	1468	0.0761	0.0849
GGTTG	5069	1740	0.1097	0.1006
CATGT	2827	1343	0.0612	0.0777
GTAGT	2354	967	0.0510	0.0559
TTGAC	3272	1479	0.0708	0.0855
CACGA	3150	1372	0.0682	0.0793
AAGGC	4484	1928	0.0971	0.1115
AAGGA	2585	1706	0.0560	0.0987
ACGAC	3675	1326	0.0796	0.0767
TGTAT	2719	1141	0.0589	0.0660
AAGGG	2571	1158	0.0557	0.0670
GTGTT	3842	1321	0.0832	0.0764
ACGAA	3949	1677	0.0855	0.0970
ACGAG	1842	991	0.0399	0.0573
TATTT	5985	2292	0.1296	0.1325
TTGAT	7227	2460	0.1565	0.1423
GGTTT	6756	2383	0.1463	0.1378
TTTGT	5652	1945	0.1224	0.1125
CACCG	7643	2496	0.1655	0.1443
CACCC	3305	1300	0.0715	0.0752
CACCA	8424	2568	0.1824	0.1485
TCATT	5518	2214	0.1195	0.1280
CACCT	3870	981	0.0838	0.0567
TTCGC	7277	2142	0.1575	0.1239
TTACA	3079	1316	0.0667	0.0761
GGCTA	2783	1107	0.0602	0.0640
TCATG	4346	1959	0.0941	0.1133
TTCGA	3708	1632	0.0803	0.0944
GGCTC	2132	1096	0.0462	0.0634
TCATC	7788	2813	0.1686	0.1627
GGCTG	7395	2404	0.1601	0.1390
TCATA	3287	1325	0.0712	0.0766
TTACG	4822	2011	0.1044	0.1163
TTCGG	4310	1578	0.0933	0.0913
TTACC	6377	2203	0.1381	0.1274
AAGAT	4845	1788	0.1049	0.1034
GGCTT	5229	1939	0.1132	0.1121
TTACT	3776	1570	0.0817	0.0908
AAGAA	5661	2333	0.1226	0.1349
TTCGT	4188	1842	0.0907	0.1065
AAGAC	2793	1019	0.0605	0.0589
AAGAG	3706	1442	0.0802	0.0834
CCGCG	6134	1934	0.1328	0.1118
CACAG	3341	1405	0.0723	0.0813
CCGCC	8883	2428	0.1923	0.1404
TGAGA	2555	1331	0.0553	0.0770
CACAC	2573	651	0.0557	0.0376
CCGCA	6764	2426	0.1464	0.1403
TGAGC	4083	1800	0.0884	0.1041
CACAA	3765	1371	0.0815	0.0793
TGAGG	2077	1254	0.0450	0.0725
CATCG	7212	2686	0.1561	0.1553
CACAT	3202	1218	0.0693	0.0704
CCGCT	6768	2158	0.1465	0.1248
CATCC	5264	2037	0.1140	0.1178
CATCA	9347	3427	0.2024	0.1982
TGAGT	3031	1553	0.0656	0.0898
TGGTA	4178	1441	0.0904	0.0833
TTAAG	3243	1453	0.0702	0.0840
TGGTC	4805	1660	0.1040	0.0960
TTAAC	5739	1998	0.1242	0.1155
TGGTG	8549	2031	0.1851	0.1175
TTAAA	5778	2158	0.1251	0.1248
CATCT	4473	1688	0.0968	0.0976
TTTGA	5332	1964	0.1154	0.1136
AAGCT	3384	1497	0.0733	0.0866
TTAAT	6350	2421	0.1375	0.1400
TTTGG	4227	1621	0.0915	0.0937
TGGTT	6248	2243	0.1353	0.1297
AAGCC	5233	2069	0.1133	0.1196
TTTGC	9124	2838	0.1975	0.1641
AAGCA	4647	2014	0.1006	0.1165
AAGCG	6501	2412	0.1407	0.1395
TTTCT	6328	2336	0.1370	0.1351
CCGAG	2428	1224	0.0526	0.0708
CCGAC	4038	1449	0.0874	0.0838
GGATA	4233	1656	0.0916	0.0958
CAGGG	4272	1584	0.0925	0.0916
CCGAA	4191	1666	0.0907	0.0963
TCCTT	2497	1404	0.0541	0.0812
CAGGC	8386	2791	0.1815	0.1614
CAGGA	5713	2058	0.1237	0.1190
CATAG	2086	1026	0.0452	0.0593
CCGAT	5177	1939	0.1121	0.1121
CATAC	2946	1194	0.0638	0.0690
TCCTG	5678	2098	0.1229	0.1213
CATAA	4615	1834	0.0999	0.1061
CAGGT	6253	2022	0.1354	0.1169
GGATC	4082	1404	0.0884	0.0812
TCCTC	2268	1179	0.0491	0.0682
GGATG	5135	1860	0.1112	0.1076
TCCTA	583	539	0.0126	0.0312
TTCCG	5923	2041	0.1282	0.1180
TTCCC	3822	1782	0.0827	0.1031
TTCCA	5970	2216	0.1292	0.1281
CATAT	3717	1217	0.0805	0.0704
GGATT	4521	1977	0.0979	0.1143
TTCCT	4084	1916	0.0884	0.1108
GTTTG	5832	2460	0.1263	0.1423
GTTTC	5691	2123	0.1232	0.1228
TCTTT	6160	2143	0.1334	0.1239
GTTTA	4955	2010	0.1073	0.1162
TTTAT	7765	2468	0.1681	0.1427
GTTTT	8592	2015	0.1860	0.1165
TGCGA	3988	1548	0.0863	0.0895
TGACA	3612	1489	0.0782	0.0861
TGCGC	9289	2615	0.2011	0.1512
TGACC	5496	1551	0.1190	0.0897
TGCGG	6578	2059	0.1424	0.1191
TGACG	6273	2232	0.1358	0.1291
TGCGT	5308	2164	0.1149	0.1251
TGACT	3114	1250	0.0674	0.0723
TTCAC	6168	2101	0.1335	0.1215
TTCAA	5325	2065	0.1153	0.1194
GTCTG	5083	1632	0.1100	0.0944
GTCTC	1445	916	0.0313	0.0530
GTCTA	978	745	0.0212	0.0431
TTCAG	7880	2776	0.1706	0.1605
TTCAT	6508	2517	0.1409	0.1456
TTTCC	6336	2257	0.1372	0.1305
TTTCA	8391	2776	0.1817	0.1605
GTCTT	2824	1200	0.0611	0.0694
TTTCG	6197	2104	0.1342	0.1217
CAGCG	12107	3751	0.2621	0.2169
CAGCC	7359	2847	0.1593	0.1646
CAGCA	12100	4079	0.2620	0.2359
CAGCY	1	0	0.0000	0.0000
CAGCT	5739	2187	0.1242	0.1265
GCYTG	1	0	0.0000	0.0000
TGTTT	6330	2078	0.1370	0.1202
TTGTT	6110	2213	0.1323	0.1280
CAGAG	3608	1216	0.0781	0.0703
CAGAC	5287	1689	0.1145	0.0977
CAGAA	6848	2479	0.1483	0.1434
CAGAT	6231	1997	0.1349	0.1155
TGCTA	2092	988	0.0453	0.0571
TGCTC	4308	1904	0.0933	0.1101
TGCTG	11550	3928	0.2500	0.2272
GTATG	2885	1282	0.0625	0.0741
GTATC	3677	1426	0.0796	0.0825
GTATA	1864	759	0.0404	0.0439
TGCTT	4600	2125	0.0996	0.1229
GTATT	4715	1853	0.1021	0.1072
TTAGC	3298	1422	0.0714	0.0822
TTAGA	1227	993	0.0266	0.0574
TTAGG	1142	660	0.0247	0.0382
TTAGT	1755	1090	0.0380	0.0630
TGTTA	3693	1564	0.0799	0.0904
TTGTC	4084	1412	0.0884	0.0817
TGTTC	5415	1990	0.1172	0.1151
TTGTA	2701	1138	0.0585	0.0658
TGTTG	6272	2429	0.1358	0.1405
TTGTG	3692	1124	0.0799	0.0650
RGCGT	1	0	0.0000	0.0000
ATATT	6351	2038	0.1375	0.1179
ATATG	3729	1324	0.0807	0.0766
ATATA	2667	657	0.0577	0.0380
ATATC	5981	1816	0.1295	0.1050
ATTTC	6510	2836	0.1409	0.1640
AGCYT	1	0	0.0000	0.0000
ATTTG	5075	2325	0.1099	0.1345
ATTTA	5188	2332	0.1123	0.1349
TTATA	2882	987	0.0624	0.0571
AGATT	4010	1785	0.0868	0.1032
TTATG	4573	1665	0.0990	0.0963
TTATC	7518	2641	0.1628	0.1527
AGATG	4496	1692	0.0973	0.0978
AGATA	4050	1670	0.0877	0.0966
AGATC	3983	1370	0.0862	0.0792
TTCTT	5688	2253	0.1231	0.1303
ATCTT	4761	1771	0.1031	0.1024
ATCTG	5988	1775	0.1296	0.1026
ATCTC	3892	1494	0.0843	0.0864
ATCTA	1542	910	0.0334	0.0526
ATTTT	8919	2351	0.1931	0.1360
TTTTG	7945	1712	0.1720	0.0990
TTTTC	9128	2370	0.1976	0.1371
TTTTA	6757	1738	0.1463	0.1005
GAGAC	1555	906	0.0337	0.0524
CTATC	2855	1130	0.0618	0.0653
GAGAA	4166	1660	0.0902	0.0960
CTATA	1619	475	0.0350	0.0275
TTTTT	11590	627	0.2509	0.0363
GAGAG	2096	877	0.0454	0.0507
AGCTG	5541	2240	0.1200	0.1295
GAGAT	3864	1596	0.0837	0.0923
CTATT	2756	1143	0.0597	0.0661
AGCTT	3331	1487	0.0721	0.0860
TTCTG	6833	2329	0.1479	0.1347
TTCTC	4101	1693	0.0888	0.0979
CTATG	1974	788	0.0427	0.0456
TTCTA	1697	1090	0.0367	0.0630
AGCTC	2646	1364	0.0573	0.0789
AGCTA	1844	827	0.0399	0.0478
GAGCC	2127	1215	0.0460	0.0703
GAGCA	4350	1957	0.0942	0.1132
GAGCG	4053	1685	0.0877	0.0974
GAGCT	2510	1294	0.0543	0.0748
TGATA	5456	2030	0.1181	0.1174
TGATC	5518	2065	0.1195	0.1194
TGATG	9337	2691	0.2021	0.1556
TGATT	7189	2614	0.1556	0.1512
