Kmer	RefCount	ReadCount	RefPc	ReadPc
CTCTA	1307	1106	0.0283	0.0655
CTTTT	6298	1642	0.1363	0.0972
CTCTT	3777	1757	0.0818	0.1040
CTCTG	3390	1656	0.0734	0.0980
CTCTC	2159	1900	0.0467	0.1125
GAGGA	2368	1954	0.0513	0.1157
CGATG	7210	1759	0.1561	0.1041
GCGAA	7359	2095	0.1593	0.1240
GCGAC	5411	1328	0.1171	0.0786
GAGGG	1433	1881	0.0310	0.1114
CGATT	5099	1751	0.1104	0.1037
GAGGC	2382	1897	0.0516	0.1123
ATGTT	5058	1592	0.1095	0.0943
AGTTG	4011	1207	0.0868	0.0715
GCGAT	8823	1934	0.1910	0.1145
ATGTC	3500	1248	0.0758	0.0739
GCGAG	3687	2217	0.0798	0.1313
ATGTA	2428	1181	0.0526	0.0699
CGATA	6369	1518	0.1379	0.0899
GATAC	3779	1315	0.0818	0.0779
AGTTT	4882	1298	0.1057	0.0769
ATGTG	3183	1344	0.0689	0.0796
CGATC	5445	1220	0.1179	0.0722
GATAA	7541	1957	0.1633	0.1159
GAGGT	1995	953	0.0432	0.0564
ATAGT	2321	1035	0.0502	0.0613
CTTTG	5518	2200	0.1195	0.1303
CTTTC	5921	1729	0.1282	0.1024
CTTTA	5389	2504	0.1167	0.1483
GATAG	2941	1349	0.0637	0.0799
AGTTC	4240	901	0.0918	0.0533
GATAT	5829	1950	0.1262	0.1155
AGTTA	2965	1139	0.0642	0.0674
ATAGC	3640	1607	0.0788	0.0951
ATAGA	2086	1207	0.0452	0.0715
ATAGG	1318	1006	0.0285	0.0596
GCGCA	9303	1897	0.2014	0.1123
GCGCC	8470	1463	0.1834	0.0866
GCGCG	9273	2909	0.2007	0.1722
GACAG	3244	1400	0.0702	0.0829
GACAC	2298	1008	0.0497	0.0597
GACAA	4102	1155	0.0888	0.0684
AGGTT	4041	810	0.0875	0.0480
GCGCT	7836	1962	0.1696	0.1162
ATTGT	4224	1656	0.0914	0.0980
GATCG	5435	1459	0.1177	0.0864
ATTGG	3763	1614	0.0815	0.0956
ATAAT	5573	1851	0.1206	0.1096
GACAT	3395	1287	0.0735	0.0762
GATCC	4143	1105	0.0897	0.0654
GATCA	5568	1614	0.1205	0.0956
ATTGA	5589	1917	0.1210	0.1135
AGGTG	3821	957	0.0827	0.0567
ACATG	2918	1598	0.0632	0.0946
YTGAC	1	0	0.0000	0.0000
AGGTC	2642	881	0.0572	0.0522
ATTGC	7344	1650	0.1590	0.0977
ATAAC	5424	1666	0.1174	0.0986
ACATT	3800	1665	0.0823	0.0986
GATCT	3875	1125	0.0839	0.0666
ATAAG	3126	1403	0.0677	0.0831
ATAAA	7712	1539	0.1670	0.0911
AGGTA	3016	1026	0.0653	0.0607
AGAGT	2398	1185	0.0519	0.0702
ACATC	4922	1411	0.1066	0.0835
ACATA	2585	1027	0.0560	0.0608
GACCA	4868	1208	0.1054	0.0715
CGCTG	11974	2344	0.2592	0.1388
TTATT	7004	2723	0.1516	0.1612
GACCG	4316	1421	0.0934	0.0841
CGCTT	6648	2048	0.1439	0.1213
GACCC	1844	1474	0.0399	0.0873
CGCTA	3866	1223	0.0837	0.0724
GACCT	2683	1373	0.0581	0.0813
CGCTC	4200	1411	0.0909	0.0835
ATACT	2507	1509	0.0543	0.0893
ATCGT	4861	1778	0.1052	0.1053
ATACG	3341	1293	0.0723	0.0766
ATCGG	5238	2238	0.1134	0.1325
ATCGA	5287	1486	0.1145	0.0880
ATACC	4780	1610	0.1035	0.0953
ATCGC	8812	1523	0.1908	0.0902
ATACA	2680	1222	0.0580	0.0724
GAAAA	9016	1990	0.1952	0.1178
GCGGG	5474	2908	0.1185	0.1722
CTAGG	126	990	0.0027	0.0586
ATTCT	3818	2148	0.0827	0.1272
CTAGT	277	847	0.0060	0.0501
GAAAG	6054	1619	0.1311	0.0959
CGTTA	5772	1795	0.1250	0.1063
GCGGA	5504	2111	0.1192	0.1250
CGTTC	4892	1742	0.1059	0.1031
GAAAC	5643	1714	0.1222	0.1015
GCGGC	9645	3745	0.2088	0.2217
GCTAA	3332	1309	0.0721	0.0775
GCGGT	7569	2402	0.1639	0.1422
GATGC	7216	2896	0.1562	0.1715
GCTAC	3248	1098	0.0703	0.0650
ACCTT	4070	1639	0.0881	0.0970
GATGA	7702	2899	0.1667	0.1716
GCTAG	361	1507	0.0078	0.0892
ATCAT	6274	2113	0.1358	0.1251
ATTCC	3995	1756	0.0865	0.1040
CTAGC	374	1365	0.0081	0.0808
CTAGA	146	1131	0.0032	0.0670
GATGG	6367	2140	0.1378	0.1267
GAAAT	6633	2396	0.1436	0.1419
ATTCG	3833	2063	0.0830	0.1221
GATGT	4926	1571	0.1066	0.0930
CTGTT	6714	1972	0.1454	0.1168
CGTTT	7084	2103	0.1534	0.1245
GCTAT	3663	1320	0.0793	0.0782
ACCTC	2053	1101	0.0444	0.0652
ATTCA	5593	2361	0.1211	0.1398
ACCTG	6087	1756	0.1318	0.1040
ATCAC	6151	1355	0.1332	0.0802
ATCAA	7134	1795	0.1544	0.1063
ACCTR	1	0	0.0000	0.0000
ATCAG	7868	1969	0.1703	0.1166
CTGTC	3243	1379	0.0702	0.0816
CGTTG	6437	1946	0.1394	0.1152
CTGTA	3309	1334	0.0716	0.0790
AGACT	1775	941	0.0384	0.0557
ACCTA	1227	1073	0.0266	0.0635
CTGTG	3267	1372	0.0707	0.0812
AGCGT	6314	2350	0.1367	0.1391
AGAGA	3258	3996	0.0705	0.2366
GCCAA	5521	1485	0.1195	0.0879
GAACC	3541	1973	0.0767	0.1168
AGAGC	2977	2021	0.0644	0.1197
GACGC	5884	1302	0.1274	0.0771
GAACA	5296	1603	0.1147	0.0949
GACGA	4266	1441	0.0924	0.0853
TATAT	2675	1380	0.0579	0.0817
GCCAG	12903	2088	0.2793	0.1236
CTRGC	1	0	0.0000	0.0000
GAACG	4914	1955	0.1064	0.1158
AGAGG	2141	1956	0.0464	0.1158
GACGG	4439	1851	0.0961	0.1096
GCCAC	5813	1419	0.1258	0.0840
GCTCC	2624	1428	0.0568	0.0845
GACGT	3609	897	0.0781	0.0531
TATAG	1667	983	0.0361	0.0582
GCTCG	3385	1824	0.0733	0.1080
TCGAT	5427	1328	0.1175	0.0786
TATAC	1822	1228	0.0394	0.0727
TATAA	2859	1120	0.0619	0.0663
TAGGT	1252	830	0.0271	0.0491
ATCCT	3477	1441	0.0753	0.0853
GCCAT	7289	1602	0.1578	0.0949
GCTCA	4267	1783	0.0924	0.1056
GAACT	4115	1704	0.0891	0.1009
GCTCT	3014	1674	0.0652	0.0991
TCGAG	2406	1338	0.0521	0.0792
TAGGG	884	1043	0.0191	0.0618
TCGAC	4012	1273	0.0869	0.0754
TCGAA	3556	1482	0.0770	0.0877
TAGGC	1411	1254	0.0305	0.0742
TAGGA	557	939	0.0121	0.0556
ATCCC	3932	1472	0.0851	0.0872
ATCCG	5451	1352	0.1180	0.0801
ATCCA	5325	1313	0.1153	0.0777
GCCCC	2846	1270	0.0616	0.0752
GCCCA	4434	1290	0.0960	0.0764
CTACG	2574	1151	0.0557	0.0681
CTCGG	2417	1692	0.0523	0.1002
CTACC	2705	1209	0.0586	0.0716
AGAAC	3952	1746	0.0856	0.1034
CTCGT	1974	1186	0.0427	0.0702
GCCCG	5490	1571	0.1189	0.0930
AGAAA	6533	2107	0.1414	0.1248
TAGAT	1609	1248	0.0348	0.0739
CTCGC	3757	1207	0.0813	0.0715
CTACA	2147	1067	0.0465	0.0632
CTCGA	2366	1180	0.0512	0.0699
TAGAG	1360	1254	0.0294	0.0742
GCCCT	2828	1195	0.0612	0.0708
TAGAC	989	1036	0.0214	0.0613
TAGAA	1756	1353	0.0380	0.0801
AGCCG	4907	1946	0.1062	0.1152
CTACT	1599	1139	0.0346	0.0674
AGCCT	3309	1315	0.0716	0.0779
GCAAC	6811	1710	0.1475	0.1012
GGGAC	1334	1407	0.0289	0.0833
GAAGG	4399	1535	0.0952	0.0909
CCATA	3617	1041	0.0783	0.0616
ACTTT	4733	1512	0.1025	0.0895
CTAAG	985	939	0.0213	0.0556
CGGTA	6601	1918	0.1429	0.1136
GCAAA	9017	1694	0.1952	0.1003
AGCGA	5750	1889	0.1245	0.1118
CGGTC	4146	2029	0.0898	0.1201
GGGAG	1938	1785	0.0420	0.1057
GAAGC	5740	2317	0.1243	0.1372
CTAAC	2185	1212	0.0473	0.0718
GAAGA	6463	2309	0.1399	0.1367
CTAAA	2536	957	0.0549	0.0567
CGGTG	7328	1961	0.1586	0.1161
CTTGC	3835	1542	0.0830	0.0913
AGCGG	6516	2594	0.1411	0.1536
AGACG	3718	1249	0.0805	0.0740
CTTGA	2416	1490	0.0523	0.0882
GCAAG	3882	1571	0.0840	0.0930
AGACA	2584	1125	0.0559	0.0666
AGCGC	7930	2052	0.1717	0.1215
AGACC	2546	1029	0.0551	0.0609
GGGAA	3981	2130	0.0862	0.1261
ATTAT	5750	2307	0.1245	0.1366
GCTGG	12905	3411	0.2794	0.2020
ACTTC	4484	1470	0.0971	0.0870
AAATT	6568	1755	0.1422	0.1039
GGGAT	3931	1795	0.0851	0.1063
GAAGT	4306	1196	0.0932	0.0708
TAGCT	1704	1692	0.0369	0.1002
ACTTG	1728	964	0.0374	0.0571
ATTAC	5086	1968	0.1101	0.1165
GCTGA	8742	3457	0.1893	0.2047
ATTAA	6309	1999	0.1366	0.1184
ATGGT	5499	2157	0.1190	0.1277
CCATG	3843	1519	0.0832	0.0899
GAGTC	1780	1204	0.0385	0.0713
CGAGT	1939	1186	0.0420	0.0702
GCTGC	8805	3882	0.1906	0.2298
ATTAG	1908	1296	0.0413	0.0767
GAGTA	2241	1159	0.0485	0.0686
GCAAT	7134	2127	0.1544	0.1259
CCATC	6583	1279	0.1425	0.0757
TAGCG	3879	1482	0.0840	0.0877
AAATC	7073	1709	0.1531	0.1012
TAGCC	2876	1487	0.0623	0.0880
AAATG	5907	1956	0.1279	0.1158
TAGCA	2088	1170	0.0452	0.0693
CTTGT	2207	1266	0.0478	0.0750
GAGTG	2343	1335	0.0507	0.0790
GAGTT	3279	1103	0.0710	0.0653
ATGGC	7081	2090	0.1533	0.1237
ACTTA	2147	1176	0.0465	0.0696
GCTGT	5998	1899	0.1298	0.1124
CCATT	5920	1726	0.1282	0.1022
AGTGT	2163	1087	0.0468	0.0644
ATGGG	3228	1796	0.0699	0.1063
CGGTT	6352	2067	0.1375	0.1224
AGAAG	4189	1871	0.0907	0.1108
CTTGG	1190	1207	0.0258	0.0715
CTAAT	1836	1360	0.0397	0.0805
ATGGA	3803	1816	0.0823	0.1075
AGTGG	3648	1325	0.0790	0.0785
AGAAT	3805	2079	0.0824	0.1231
AAATA	6049	2005	0.1310	0.1187
AGTGA	4013	1482	0.0869	0.0877
AGTGC	3737	1241	0.0809	0.0735
GCCGG	6518	2176	0.1411	0.1288
CTCCG	2654	1276	0.0575	0.0756
GGGCG	5610	2794	0.1214	0.1654
GCACC	5885	1138	0.1274	0.0674
GCCGC	9655	1892	0.2090	0.1120
GCACA	3905	1476	0.0845	0.0874
CTCCC	1824	1361	0.0395	0.0806
AATTT	6466	2237	0.1400	0.1324
GCCGA	6143	1605	0.1330	0.0950
CTCCA	3076	1254	0.0666	0.0742
TCTAT	2009	1312	0.0435	0.0777
AGCAA	6628	1894	0.1435	0.1121
TATGT	2463	1298	0.0533	0.0769
AGCAC	4552	1502	0.0985	0.0889
GGGCA	4434	1998	0.0960	0.1183
GGGCC	2081	1506	0.0451	0.0892
GCACG	4363	1606	0.0945	0.0951
AATTC	4112	2013	0.0890	0.1192
GGGCT	3141	2334	0.0680	0.1382
GCACT	3878	1311	0.0840	0.0776
AATTA	4605	1841	0.0997	0.1090
GCCGT	6157	1722	0.1333	0.1020
AGTAT	2472	1395	0.0535	0.0826
TCTAG	163	967	0.0035	0.0573
AATTG	4365	1526	0.0945	0.0904
ACGTT	5372	1426	0.1163	0.0844
TCTAC	2183	1316	0.0473	0.0779
TATGG	3610	1899	0.0782	0.1124
TAAAT	5194	1733	0.1124	0.1026
TCTAA	1160	1036	0.0251	0.0613
TCGGT	5048	1906	0.1093	0.1129
ATGAT	6132	2818	0.1328	0.1668
TATGC	3841	1953	0.0832	0.1156
TATGA	3234	1646	0.0700	0.0975
ATGAG	3138	1947	0.0679	0.1153
AGTAG	1673	1072	0.0362	0.0635
ACGTA	2822	1113	0.0611	0.0659
TAAAG	5242	911	0.1135	0.0539
AGTAC	2710	1093	0.0587	0.0647
CGAGA	2729	1828	0.0591	0.1082
ACGTC	3546	1193	0.0768	0.0706
TCGGG	2745	2291	0.0594	0.1356
TAAAC	5008	1721	0.1084	0.1019
CGAGC	3336	1866	0.0722	0.1105
TAAAA	6653	1383	0.1440	0.0819
ACGTG	2753	1247	0.0596	0.0738
TCGGC	6238	2602	0.1350	0.1541
CGAGG	2341	1561	0.0507	0.0924
ATGAC	4938	1530	0.1069	0.0906
TCGGA	1913	1412	0.0414	0.0836
ATGAA	6424	2365	0.1391	0.1400
CTCCT	1983	1365	0.0429	0.0808
AGGGG	1822	1919	0.0394	0.1136
AGTAA	3705	1330	0.0802	0.0787
AGGGT	2334	1060	0.0505	0.0628
ACAGT	3070	1054	0.0665	0.0624
CTCAC	2791	1017	0.0604	0.0602
CTCAA	3589	1287	0.0777	0.0762
AGCCC	3254	1352	0.0704	0.0801
TCTCT	3252	1938	0.0704	0.1147
AGCCA	6118	1813	0.1324	0.1073
CTCAG	2507	1376	0.0543	0.0815
CGACG	5286	1188	0.1144	0.0703
AACTT	3721	1398	0.0806	0.0828
TCTCG	2692	1295	0.0583	0.0767
TCCAT	3927	1323	0.0850	0.0783
CCCTG	4278	1783	0.0926	0.1056
TCTCC	3107	1525	0.0673	0.0903
TAACT	2919	1346	0.0632	0.0797
TCTCA	2560	1217	0.0554	0.0721
TACGT	2731	1246	0.0591	0.0738
CGCGT	5999	1811	0.1299	0.1072
CCCTC	1412	886	0.0306	0.0525
ATGCT	4777	2652	0.1034	0.1570
CGACT	2951	1080	0.0639	0.0639
CCCTA	833	993	0.0180	0.0588
AACTC	3326	1309	0.0720	0.0775
AACTA	1743	1138	0.0377	0.0674
ATGCG	5814	2630	0.1259	0.1557
CTTCT	4209	2363	0.0911	0.1399
AACTG	7039	1988	0.1524	0.1177
TCCAG	7922	1810	0.1715	0.1072
AGCAT	4730	1660	0.1024	0.0983
TAACG	5886	1518	0.1274	0.0899
AGTCG	2892	1372	0.0626	0.0812
TACGG	3530	1670	0.0764	0.0989
ATGCA	4556	1954	0.0986	0.1157
TCCAC	3888	930	0.0842	0.0551
AGTCT	1755	973	0.0380	0.0576
TAACC	4866	1716	0.1053	0.1016
TCCAA	1278	962	0.0277	0.0570
TACGC	5414	1433	0.1172	0.0848
TAACA	3826	1269	0.0828	0.0751
CCCTT	2475	1515	0.0536	0.0897
TACGA	2351	1198	0.0509	0.0709
ATGCC	6516	2109	0.1411	0.1249
CTTCG	5123	2244	0.1109	0.1329
CTCAT	3142	1485	0.0680	0.0879
CTTCC	5336	1739	0.1155	0.1030
CTTCA	6255	2372	0.1354	0.1404
AGCAG	7276	2163	0.1575	0.1281
GCAGA	6750	2098	0.1461	0.1242
AGTCA	3096	1292	0.0670	0.0765
AGTCC	1642	814	0.0355	0.0482
CTGGG	4937	1933	0.1069	0.1145
CGTGG	4881	1774	0.1057	0.1050
CGAAT	3735	1670	0.0809	0.0989
GCAGG	7760	1973	0.1680	0.1168
CTGGC	12896	2369	0.2792	0.1403
TATCT	3935	2521	0.0852	0.1493
GCAGC	9138	2423	0.1978	0.1435
CTGGA	7749	2260	0.1678	0.1338
GGGGA	2657	2142	0.0575	0.1268
GGGGC	2767	2682	0.0599	0.1588
CGTGT	2293	1240	0.0496	0.0734
GGGGG	1450	2172	0.0314	0.1286
GGTAG	2902	1445	0.0628	0.0856
GCGTA	5367	2088	0.1162	0.1236
GCGTC	5779	2357	0.1251	0.1396
CGAAG	4850	1604	0.1050	0.0950
GTGAC	3905	1080	0.0845	0.0639
GTGAA	6146	1900	0.1331	0.1125
TATCG	6298	2084	0.1363	0.1234
GCAGT	5379	1695	0.1164	0.1004
TCGCT	5785	1783	0.1252	0.1056
GCGTG	6224	2308	0.1347	0.1367
TACAT	2499	1434	0.0541	0.0849
CAATG	5735	1771	0.1242	0.1049
TATCC	4341	1673	0.0940	0.0991
TATCA	5472	1930	0.1185	0.1143
CGTGA	4682	2026	0.1014	0.1200
CAATC	5168	1703	0.1119	0.1008
GGTAC	3247	1418	0.0703	0.0840
GGGGT	1825	1489	0.0395	0.0882
CGTGC	4408	1902	0.0954	0.1126
CAATA	5554	1935	0.1202	0.1146
GGTAA	6298	1851	0.1363	0.1096
GATTA	5009	1978	0.1084	0.1171
CTTAT	3026	1991	0.0655	0.1179
TACAG	3350	1491	0.0725	0.0883
GTGAT	6105	2320	0.1322	0.1374
ACACT	2155	1014	0.0467	0.0600
GCGTT	8269	2600	0.1790	0.1539
TCGCG	6371	1512	0.1379	0.0895
TACAC	2103	1202	0.0455	0.0712
AGGCT	3167	1542	0.0686	0.0913
TCGCC	9384	1365	0.2032	0.0808
TACAA	2666	1125	0.0577	0.0666
CCTTG	2348	1332	0.0508	0.0789
CGCGA	6358	1446	0.1376	0.0856
TCGCA	3787	1079	0.0820	0.0639
GATTG	5168	1908	0.1119	0.1130
CGCGC	9275	2239	0.2008	0.1326
CGACA	4648	1138	0.1006	0.0674
CCTTC	4379	1811	0.0948	0.1072
CGACC	4258	1310	0.0922	0.0776
CAATT	4319	1847	0.0935	0.1094
GGTAT	4617	2228	0.1000	0.1319
CCTTA	2134	1412	0.0462	0.0836
GATTC	3572	2044	0.0773	0.1210
CGCGG	6363	2036	0.1378	0.1205
GTGAG	2798	1596	0.0606	0.0945
AGGCG	5822	2178	0.1260	0.1290
ACACG	2331	1217	0.0505	0.0721
ACCGG	6580	2107	0.1424	0.1248
CTTAC	2579	1509	0.0558	0.0893
AGGCC	3410	1148	0.0738	0.0680
CTTAA	3194	1625	0.0691	0.0962
CTGGT	8120	2442	0.1758	0.1446
CCTTT	4663	1828	0.1009	0.1082
ACCGT	5650	1565	0.1223	0.0927
GATTT	7043	2468	0.1525	0.1461
CTTAG	998	1135	0.0216	0.0672
GGCAG	7407	2351	0.1604	0.1392
CGCCT	5835	886	0.1263	0.0525
AGGGC	2848	1385	0.0617	0.0820
ACAGC	5992	2073	0.1297	0.1227
GGCAA	8744	2271	0.1893	0.1345
ACAGA	3424	1554	0.0741	0.0920
GGCAC	4661	1430	0.1009	0.0847
ACAGG	4117	1374	0.0891	0.0814
AGGGA	2164	1397	0.0468	0.0827
GACTA	1565	888	0.0339	0.0526
GTGCG	4835	1720	0.1047	0.1018
GGTCG	4205	1944	0.0910	0.1151
CGCCG	10119	1741	0.2191	0.1031
GTGCC	4714	1368	0.1021	0.0810
GTGCA	3913	1340	0.0847	0.0793
GGTCA	5419	1802	0.1173	0.1067
TACCT	2895	1663	0.0627	0.0985
GACTG	3429	1259	0.0742	0.0745
GGTCC	1443	1027	0.0312	0.0608
GGCAT	6481	2185	0.1403	0.1294
GACTC	1786	1196	0.0387	0.0708
TACCG	6675	1576	0.1445	0.0933
GTGCT	4343	1987	0.0940	0.1176
CCTRG	1	0	0.0000	0.0000
TACCC	3395	1557	0.0735	0.0922
TACCA	4165	1417	0.0902	0.0839
CGAAA	6172	1620	0.1336	0.0959
GACTT	2744	1142	0.0594	0.0676
CGAAC	4280	1721	0.0927	0.1019
GGTCT	2391	1399	0.0518	0.0828
CGTCC	2923	1246	0.0633	0.0738
CTGCC	7269	2304	0.1574	0.1364
CGCAT	5927	1345	0.1283	0.0796
CTGCA	6102	2065	0.1321	0.1223
CGTCG	5279	2326	0.1143	0.1377
GGCCA	3842	1405	0.0832	0.0832
AAAGA	6104	1314	0.1321	0.0778
GGCCC	2143	1190	0.0464	0.0705
ACAAA	5614	1237	0.1215	0.0732
CTGCG	7877	2678	0.1705	0.1586
GGCCG	3226	1496	0.0698	0.0886
AAAGC	7362	1460	0.1594	0.0864
CGCAC	5098	1338	0.1104	0.0792
CGCAG	7970	1386	0.1725	0.0821
CACTG	5273	1206	0.1142	0.0714
CACTC	2376	1098	0.0514	0.0650
TCACT	4039	1143	0.0874	0.0677
CACTA	2098	953	0.0454	0.0564
GGCCT	3330	1327	0.0721	0.0786
TCCGT	3050	1405	0.0660	0.0832
CGTCA	6226	2083	0.1348	0.1233
ACCCT	2250	1330	0.0487	0.0787
TCACG	4810	1352	0.1041	0.0801
TCCGG	6387	2001	0.1383	0.1185
CACTT	4042	1111	0.0875	0.0658
CGCCA	13159	1331	0.2849	0.0788
TCACC	7270	1343	0.1574	0.0795
CGCCC	5690	1303	0.1232	0.0771
TCCGC	5489	1065	0.1188	0.0631
TCACA	2820	1152	0.0610	0.0682
CGTCT	3669	1427	0.0794	0.0845
CTGCT	6920	2965	0.1498	0.1756
TCCGA	1891	1114	0.0409	0.0660
ACCCC	1844	1709	0.0399	0.1012
ACCCG	4460	1543	0.0966	0.0914
CGTAA	4902	1793	0.1061	0.1062
CGGGT	4506	2289	0.0975	0.1355
CCAGT	7299	1519	0.1580	0.0899
CTGAA	7629	2378	0.1652	0.1408
CGTAC	3356	1233	0.0727	0.0730
GGTGA	7360	2059	0.1593	0.1219
CGTAG	2658	1476	0.0575	0.0874
GGAAA	6400	2023	0.1386	0.1198
ACCGA	5026	1339	0.1088	0.0793
GGAAC	4087	1633	0.0885	0.0967
AGGCA	4302	1735	0.0931	0.1027
CTGAG	2318	2244	0.0502	0.1329
ACACC	4266	1239	0.0924	0.0734
GGAAG	5600	2006	0.1212	0.1188
CCAGG	5948	1673	0.1288	0.0991
ACCGC	7795	1028	0.1688	0.0609
ACACA	2147	1190	0.0465	0.0705
CTGAC	6368	1898	0.1379	0.1124
GAATC	3559	1791	0.0770	0.1060
CGGGG	2538	2635	0.0549	0.1560
TGGCA	8395	1800	0.1817	0.1066
GAATA	5100	2134	0.1104	0.1264
GTGGG	3077	1512	0.0666	0.0895
TGGCC	3729	1114	0.0807	0.0660
CCGTG	4109	1452	0.0890	0.0860
AAGTT	3725	858	0.0806	0.0508
GTGGC	5665	1580	0.1226	0.0935
TGGCG	12697	2603	0.2749	0.1541
CCGTC	4437	1739	0.0961	0.1030
GGTGC	5789	1705	0.1253	0.1010
GTGGA	3771	1480	0.0816	0.0876
CCGTA	3649	1229	0.0790	0.0728
GGAAT	4117	2184	0.0891	0.1293
GAATG	4417	2165	0.0956	0.1282
GGTGG	5738	2095	0.1242	0.1240
GAATT	4155	2173	0.0900	0.1287
AGGAT	3501	1362	0.0758	0.0806
ACTGG	7301	1700	0.1581	0.1007
ACAAT	4195	1603	0.0908	0.0949
GTTAG	2113	1162	0.0457	0.0688
GCTTG	3135	1845	0.0679	0.1092
TGGCT	6205	2241	0.1343	0.1327
AAGTC	2690	871	0.0582	0.0516
GTTAC	4150	1572	0.0898	0.0931
AAGTA	2490	1189	0.0539	0.0704
CATTG	5727	1664	0.1240	0.0985
GTTAA	5737	1427	0.1242	0.0845
GTGGT	5615	2211	0.1216	0.1309
CCGTT	5873	1729	0.1271	0.1024
AAGTG	4020	1141	0.0870	0.0676
CATTC	4464	2212	0.0966	0.1310
GGTGT	4211	1448	0.0912	0.0857
TRGCG	1	0	0.0000	0.0000
ACTGT	3147	1180	0.0681	0.0699
CATTA	5382	1747	0.1165	0.1034
GCTTA	3437	2135	0.0744	0.1264
CGCAA	6381	1482	0.1381	0.0877
GCTTC	5696	2705	0.1233	0.1602
GCTTT	7537	2577	0.1632	0.1526
CGTAT	3332	1488	0.0721	0.0881
AGGAG	1950	1532	0.0422	0.0907
ACAAC	4544	1289	0.0984	0.0763
AAAGG	4498	966	0.0974	0.0572
GGCGA	9175	2432	0.1986	0.1440
AGGAA	4181	1895	0.0905	0.1122
GTTAT	5400	1765	0.1169	0.1045
GGCGC	8381	2185	0.1814	0.1294
GGACA	2182	1208	0.0472	0.0715
AGGAC	1559	1092	0.0338	0.0647
ACAAG	2270	1031	0.0491	0.0610
CATTT	6206	2089	0.1344	0.1237
AAAGT	4784	817	0.1036	0.0484
ACTGC	5258	1567	0.1138	0.0928
CTGAT	7948	2896	0.1721	0.1715
ACTGA	4702	1868	0.1018	0.1106
GGACC	1396	1540	0.0302	0.0912
GGCGG	8748	3582	0.1894	0.2121
GGACG	2915	1424	0.0631	0.0843
AACGC	8494	1655	0.1839	0.0980
AAACA	6391	1790	0.1384	0.1060
AACGA	4362	1698	0.0944	0.1005
GCCTC	2318	1086	0.0502	0.0643
GCCTA	1437	1085	0.0311	0.0642
AATGT	3991	1281	0.0864	0.0758
GTCAG	6300	1749	0.1364	0.1036
TGGAA	6019	2045	0.1303	0.1211
ACTAT	2230	1218	0.0483	0.0721
TGGAC	2465	1109	0.0534	0.0657
GTCAC	3825	1127	0.0828	0.0667
GGCGT	7970	2909	0.1725	0.1722
GTCAA	3241	1576	0.0702	0.0933
TCCCT	2097	1361	0.0454	0.0806
TGGAG	3034	1608	0.0657	0.0952
GGACT	1694	986	0.0367	0.0584
GCCTG	8553	1835	0.1852	0.1086
GCCTT	4486	1433	0.0971	0.0848
ACTAA	1846	1130	0.0400	0.0669
ACGGT	5322	1814	0.1152	0.1074
AATGC	6424	2363	0.1391	0.1399
GTTCG	4305	1393	0.0932	0.0825
TGGAT	5119	1753	0.1108	0.1038
AATGG	5596	1995	0.1211	0.1181
AAAAT	8943	1648	0.1936	0.0976
GTCAT	5008	1942	0.1084	0.1150
TCCCG	3675	1339	0.0796	0.0793
ACTAC	2176	1099	0.0471	0.0651
GTTCC	4122	1471	0.0892	0.0871
GTTCA	5653	1343	0.1224	0.0795
TCCCC	2575	1513	0.0557	0.0896
ACTAG	268	832	0.0058	0.0493
CGGGA	3781	1955	0.0819	0.1158
TCCCA	2573	1149	0.0557	0.0680
CGGGC	5329	2651	0.1154	0.1570
AAAAC	8453	1912	0.1830	0.1132
CCAGC	13275	2269	0.2874	0.1343
ACGGC	6233	2019	0.1349	0.1195
AAAAA	11383	1129	0.2464	0.0668
CCAGA	7530	1838	0.1630	0.1088
AAAAG	6095	1023	0.1319	0.0606
ACGGG	3182	2127	0.0689	0.1259
GTTCT	3969	1537	0.0859	0.0910
AATGA	5418	2101	0.1173	0.1244
TAGTT	1878	958	0.0407	0.0567
CGGCT	5034	2867	0.1090	0.1698
CCACG	4845	1293	0.1049	0.0766
CCCGG	4649	1796	0.1006	0.1063
ACCCA	3596	1515	0.0778	0.0897
TCTGT	3273	1601	0.0709	0.0948
CCACC	5844	929	0.1265	0.0550
CGGCA	10136	2698	0.2194	0.1597
ACTCT	2334	1619	0.0505	0.0959
CGGCC	3311	1650	0.0717	0.0977
TAGTG	2128	1152	0.0461	0.0682
GTCCG	2822	1185	0.0611	0.0702
CGGCG	10167	3496	0.2201	0.2070
TAGTC	1441	979	0.0312	0.0580
TAGTA	1252	1204	0.0271	0.0713
GTCCC	1341	912	0.0290	0.0540
TCTGG	7447	2174	0.1612	0.1287
TCAAT	5614	2101	0.1215	0.1244
GTCCA	2619	949	0.0567	0.0562
CCACT	3693	894	0.0799	0.0529
TCTGC	6452	2277	0.1397	0.1348
CCCGT	3203	1457	0.0693	0.0863
TAAGT	2168	1212	0.0469	0.0718
AAACT	4923	1610	0.1066	0.0953
TCTGA	4109	2033	0.0890	0.1204
ACTCC	2267	1353	0.0491	0.0801
AACGT	5420	1805	0.1173	0.1069
ACTCA	3064	1092	0.0663	0.0647
ACTCG	2088	1038	0.0452	0.0615
ACCAT	5490	1437	0.1189	0.0851
TCAAG	2432	1033	0.0526	0.0612
GTCCT	1466	1209	0.0317	0.0716
TAAGG	2313	1181	0.0501	0.0699
TCAAC	6111	1806	0.1323	0.1069
TCAAA	5176	1489	0.1121	0.0882
TAAGC	3486	1920	0.0755	0.1137
TAAGA	1986	1316	0.0430	0.0779
ACCAC	5744	926	0.1244	0.0548
AACGG	5919	2185	0.1281	0.1294
GGAGA	3142	2222	0.0680	0.1316
ACCAA	4540	1092	0.0983	0.0647
AAACC	6807	1574	0.1474	0.0932
GGAGC	2637	1710	0.0571	0.1012
ACCAG	8102	1793	0.1754	0.1062
AAACG	6975	2036	0.1510	0.1205
CCTGA	6764	2057	0.1464	0.1218
CGGAT	5426	1717	0.1175	0.1017
GGAGT	2288	1023	0.0495	0.0606
GGAGG	1613	1608	0.0349	0.0952
CCAAG	1207	1120	0.0261	0.0663
CCAAC	4293	1245	0.0929	0.0737
CAAGG	2457	971	0.0532	0.0575
TGAAA	8224	1972	0.1780	0.1168
CCAAA	4159	1113	0.0900	0.0659
TGAAC	5568	2136	0.1205	0.1265
CGGAA	6027	1757	0.1305	0.1040
CAGTG	5061	1506	0.1096	0.0892
GGGTG	3410	1742	0.0738	0.1031
GCATC	6969	1529	0.1509	0.0905
TGAAG	6208	1878	0.1344	0.1112
CGGAC	2835	1553	0.0614	0.0920
GTAAG	2608	1501	0.0565	0.0889
GCATA	3845	1206	0.0832	0.0714
CAGTC	3490	1397	0.0756	0.0827
AATCT	3909	1605	0.0846	0.0950
CGGAG	2712	1618	0.0587	0.0958
CAGTA	4601	1338	0.0996	0.0792
GTAAC	4150	1346	0.0898	0.0797
TGTGA	2870	1329	0.0621	0.0787
GTAAA	6086	1464	0.1318	0.0867
CCTGG	6037	1720	0.1307	0.1018
CCAAT	3847	1428	0.0833	0.0845
TGTGC	3861	1567	0.0836	0.0928
GGGTA	3277	1600	0.0709	0.0947
CAAGT	1658	834	0.0359	0.0494
GGGTC	1880	1428	0.0407	0.0845
CCTGC	7639	2287	0.1654	0.1354
GCATG	4179	1916	0.0905	0.1134
TGTGG	3850	1587	0.0833	0.0940
AATCA	7126	1910	0.1543	0.1131
TGAAT	5593	2344	0.1211	0.1388
CYTGA	1	0	0.0000	0.0000
TTGGG	2150	1452	0.0465	0.0860
GCATT	6574	2147	0.1423	0.1271
AACAT	5122	1721	0.1109	0.1019
ACGCT	6318	1655	0.1368	0.0980
TTGGC	5436	1719	0.1177	0.1018
AATCC	4481	1559	0.0970	0.0923
CAGTT	7225	1626	0.1564	0.0963
TTGGA	1356	957	0.0294	0.0567
GTTGG	4311	1525	0.0933	0.0903
GTAAT	5144	1870	0.1114	0.1107
AATCG	5236	1778	0.1134	0.1053
GTTGC	6886	1736	0.1491	0.1028
GTTGA	6068	1775	0.1314	0.1051
GGGTT	3655	1461	0.0791	0.0865
CCTGT	4118	1377	0.0891	0.0815
TGTGT	2135	1873	0.0462	0.1109
ACGCA	5557	1383	0.1203	0.0819
CCCGC	5580	1525	0.1208	0.0903
CCACA	3993	1378	0.0864	0.0816
AACAA	6104	1650	0.1321	0.0977
TTTAC	6219	2782	0.1346	0.1647
CCCGA	2783	1409	0.0602	0.0834
TTGGT	4531	2200	0.0981	0.1303
TTTAA	5865	2152	0.1270	0.1274
ACGCC	8113	1210	0.1756	0.0716
AACAC	3954	1164	0.0856	0.0689
ACGCG	6220	1651	0.1347	0.0978
GTTGT	4500	1832	0.0974	0.1085
AACAG	6657	1784	0.1441	0.1056
TTTAG	2391	1381	0.0518	0.0818
TCTTG	2453	1364	0.0531	0.0808
CCCCG	2536	1739	0.0549	0.1030
TAATT	4474	1842	0.0969	0.1091
TCTTC	6353	2732	0.1375	0.1618
CCCCC	1486	1021	0.0322	0.0605
ACGGA	3181	1440	0.0689	0.0853
TCTTA	2075	1537	0.0449	0.0910
CCCCA	2911	1465	0.0630	0.0867
TGCCA	8400	2047	0.1819	0.1212
TGCCC	4537	1478	0.0982	0.0875
TGCCG	10210	2216	0.2210	0.1312
GTACG	3290	1169	0.0712	0.0692
TAATG	5399	1848	0.1169	0.1094
GTCGG	3999	2139	0.0866	0.1266
GTACC	3253	1275	0.0704	0.0755
CCCCT	1818	1291	0.0394	0.0764
GTACA	2697	1147	0.0584	0.0679
TAATC	4957	1649	0.1073	0.0976
GTCGC	5499	1382	0.1190	0.0818
TAATA	4055	1744	0.0878	0.1033
GTCGA	4041	1344	0.0875	0.0796
TGCCT	4321	1910	0.0935	0.1131
AACCT	3965	1496	0.0858	0.0886
GTACT	2724	1511	0.0590	0.0895
GTCGT	3609	2174	0.0781	0.1287
CAAGC	3197	1818	0.0692	0.1076
AACCC	3609	1823	0.0781	0.1079
CAAGA	2479	1131	0.0537	0.0670
AACCA	6366	1576	0.1378	0.0933
AACCG	6456	1729	0.1398	0.1024
TATTG	5674	1739	0.1228	0.1030
CCCAG	5146	1608	0.1114	0.0952
TCGTT	4663	1812	0.1009	0.1073
TATTC	5100	2059	0.1104	0.1219
CAACG	6414	1846	0.1389	0.1093
TATTA	4079	2004	0.0883	0.1187
CCCAC	2961	1220	0.0641	0.0722
CACGG	4033	1694	0.0873	0.1003
CCCAA	2172	1379	0.0470	0.0816
CAACC	5183	1362	0.1122	0.0806
CACGC	6401	1510	0.1386	0.0894
CAACA	6321	1659	0.1368	0.0982
TGCAA	5079	1456	0.1100	0.0862
TGCAC	3775	1260	0.0817	0.0746
TCGTG	3167	1935	0.0686	0.1146
CCTCG	2330	1108	0.0504	0.0656
TGCAG	6357	2286	0.1376	0.1354
TCGTC	4358	1793	0.0943	0.1062
CCCAT	3249	1202	0.0703	0.0712
CAACT	3871	1173	0.0838	0.0695
TCGTA	2433	1561	0.0527	0.0924
CCTCC	1523	950	0.0330	0.0562
CACGT	2753	1031	0.0596	0.0610
CCTCA	2166	1075	0.0469	0.0636
TGTCA	3625	1216	0.0785	0.0720
TGTCC	2238	1168	0.0485	0.0692
TCAGT	4655	1601	0.1008	0.0948
TTGCC	8918	1869	0.1931	0.1107
TGCAT	4394	1608	0.0951	0.0952
TTGCA	5076	1226	0.1099	0.0726
TGTCG	4743	1397	0.1027	0.0827
CCTCT	2028	1193	0.0439	0.0706
TCAGG	6759	1520	0.1463	0.0900
TTGCG	6665	1751	0.1443	0.1037
TCAGC	8899	2548	0.1927	0.1509
TGTCT	2495	1504	0.0540	0.0890
TCAGA	4263	1428	0.0923	0.0845
TTGCT	6526	2147	0.1413	0.1271
GTAGA	2272	1344	0.0492	0.0796
CAAAG	5338	1004	0.1156	0.0594
CCGGG	4729	2203	0.1024	0.1304
TACTT	2600	1471	0.0563	0.0871
CAAAC	5977	1666	0.1294	0.0986
CCGGC	6485	2344	0.1404	0.1388
CAAAA	7814	1211	0.1692	0.0717
CCGGA	6423	1679	0.1391	0.0994
TGGGA	2583	1621	0.0559	0.0960
TGGGC	4317	1913	0.0935	0.1133
TGGGG	2912	1760	0.0630	0.1042
CCTAG	130	1027	0.0028	0.0608
AATAT	6475	2298	0.1402	0.1361
TACTG	4645	1862	0.1006	0.1102
CATGG	3982	1826	0.0862	0.1081
CAAAT	4832	1648	0.1046	0.0976
CCTAC	1431	1051	0.0310	0.0622
CCTAA	1208	993	0.0262	0.0588
CCGGT	6462	1853	0.1399	0.1097
TACTC	2235	1499	0.0484	0.0888
GTAGG	1532	996	0.0332	0.0590
CATGC	4176	2134	0.0904	0.1264
TACTA	1121	1298	0.0243	0.0769
CATGA	4268	2014	0.0924	0.1192
GTAGC	3221	1352	0.0697	0.0801
TGTAA	3064	1207	0.0663	0.0715
TGGGT	3571	1400	0.0773	0.0829
TTGAA	5381	1678	0.1165	0.0994
TGTAC	2637	1358	0.0571	0.0804
GTGTG	2571	1806	0.0557	0.1069
AATAC	4787	1979	0.1036	0.1172
TGTAG	2135	924	0.0462	0.0547
AATAA	6848	2096	0.1483	0.1241
AAGGT	3980	733	0.0862	0.0434
GTGTC	2257	1112	0.0489	0.0658
CCTAT	1307	1039	0.0283	0.0615
AATAG	2657	1445	0.0575	0.0856
GTGTA	2101	1247	0.0455	0.0738
GGTTC	3495	1494	0.0757	0.0885
ACGAT	4680	1370	0.1013	0.0811
GGTTA	4974	1371	0.1077	0.0812
TTGAG	3513	1492	0.0761	0.0883
GGTTG	5069	1715	0.1097	0.1015
CATGT	2827	1216	0.0612	0.0720
GTAGT	2354	1226	0.0510	0.0726
TTGAC	3272	1580	0.0708	0.0935
CACGA	3150	1231	0.0682	0.0729
AAGGC	4484	1235	0.0971	0.0731
AAGGA	2585	1373	0.0560	0.0813
ACGAC	3675	1046	0.0796	0.0619
TGTAT	2719	1725	0.0589	0.1021
AAGGG	2571	1310	0.0557	0.0776
GTGTT	3842	1482	0.0832	0.0877
ACGAA	3949	1655	0.0855	0.0980
ACGAG	1842	1493	0.0399	0.0884
TATTT	5985	2023	0.1296	0.1198
TTGAT	7227	2336	0.1565	0.1383
GGTTT	6756	1891	0.1463	0.1120
TTTGT	5652	2297	0.1224	0.1360
CACCG	7643	1313	0.1655	0.0777
CACCC	3305	1251	0.0715	0.0741
CACCA	8424	1046	0.1824	0.0619
TCATT	5518	2174	0.1195	0.1287
CACCT	3870	1039	0.0838	0.0615
TTCGC	7277	1628	0.1575	0.0964
TTACA	3079	1816	0.0667	0.1075
GGCTA	2783	1356	0.0602	0.0803
TCATG	4346	2158	0.0941	0.1278
TTCGA	3708	1409	0.0803	0.0834
GGCTC	2132	1710	0.0462	0.1012
TCATC	7788	2047	0.1686	0.1212
GGCTG	7395	3368	0.1601	0.1994
TCATA	3287	1442	0.0712	0.0854
TTACG	4822	1933	0.1044	0.1145
TTCGG	4310	2142	0.0933	0.1268
TTACC	6377	2118	0.1381	0.1254
AAGAT	4845	1649	0.1049	0.0976
GGCTT	5229	2548	0.1132	0.1509
TTACT	3776	1966	0.0817	0.1164
AAGAA	5661	1833	0.1226	0.1085
TTCGT	4188	1963	0.0907	0.1162
AAGAC	2793	890	0.0605	0.0527
AAGAG	3706	1696	0.0802	0.1004
CCGCG	6134	1463	0.1328	0.0866
CACAG	3341	1408	0.0723	0.0834
CCGCC	8883	1224	0.1923	0.0725
TGAGA	2555	1952	0.0553	0.1156
CACAC	2573	1287	0.0557	0.0762
CCGCA	6764	1193	0.1464	0.0706
TGAGC	4083	2388	0.0884	0.1414
CACAA	3765	1243	0.0815	0.0736
TGAGG	2077	1563	0.0450	0.0925
CATCG	7212	1704	0.1561	0.1009
CACAT	3202	1259	0.0693	0.0745
CCGCT	6768	1628	0.1465	0.0964
CATCC	5264	1241	0.1140	0.0735
CATCA	9347	1778	0.2024	0.1053
TGAGT	3031	1408	0.0656	0.0834
TGGTA	4178	2398	0.0904	0.1420
TTAAG	3243	1792	0.0702	0.1061
TGGTC	4805	1833	0.1040	0.1085
TTAAC	5739	1623	0.1242	0.0961
TGGTG	8549	2647	0.1851	0.1567
TTAAA	5778	1787	0.1251	0.1058
CATCT	4473	1543	0.0968	0.0914
TTTGA	5332	1904	0.1154	0.1127
AAGCT	3384	1989	0.0733	0.1178
TTAAT	6350	2001	0.1375	0.1185
TTTGG	4227	1983	0.0915	0.1174
TGGTT	6248	2133	0.1353	0.1263
AAGCC	5233	1549	0.1133	0.0917
TTTGC	9124	2065	0.1975	0.1223
AAGCA	4647	1736	0.1006	0.1028
AAGCG	6501	2238	0.1407	0.1325
TTTCT	6328	1908	0.1370	0.1130
CCGAG	2428	1395	0.0526	0.0826
CCGAC	4038	1068	0.0874	0.0632
GGATA	4233	1361	0.0916	0.0806
CAGGG	4272	1530	0.0925	0.0906
CCGAA	4191	1388	0.0907	0.0822
TCCTT	2497	1796	0.0541	0.1063
CAGGC	8386	2224	0.1815	0.1317
CAGGA	5713	1621	0.1237	0.0960
CATAG	2086	1082	0.0452	0.0641
CCGAT	5177	1617	0.1121	0.0957
CATAC	2946	1108	0.0638	0.0656
TCCTG	5678	2067	0.1229	0.1224
CATAA	4615	1301	0.0999	0.0770
CAGGT	6253	1157	0.1354	0.0685
GGATC	4082	1207	0.0884	0.0715
TCCTC	2268	1254	0.0491	0.0742
GGATG	5135	2040	0.1112	0.1208
TCCTA	583	957	0.0126	0.0567
TTCCG	5923	1769	0.1282	0.1047
TTCCC	3822	1617	0.0827	0.0957
TTCCA	5970	1509	0.1292	0.0893
CATAT	3717	1226	0.0805	0.0726
GGATT	4521	2015	0.0979	0.1193
TTCCT	4084	2059	0.0884	0.1219
GTTTG	5832	1855	0.1263	0.1098
GTTTC	5691	1564	0.1232	0.0926
TCTTT	6160	2157	0.1334	0.1277
GTTTA	4955	2078	0.1073	0.1230
TTTAT	7765	2900	0.1681	0.1717
GTTTT	8592	1859	0.1860	0.1101
TGCGA	3988	1806	0.0863	0.1069
TGACA	3612	1379	0.0782	0.0816
TGCGC	9289	1757	0.2011	0.1040
TGACC	5496	1601	0.1190	0.0948
TGCGG	6578	2957	0.1424	0.1751
TGACG	6273	1634	0.1358	0.0967
TGCGT	5308	2284	0.1149	0.1352
TGACT	3114	1475	0.0674	0.0873
TTCAC	6168	1492	0.1335	0.0883
TTCAA	5325	1771	0.1153	0.1049
GTCTG	5083	1888	0.1100	0.1118
GTCTC	1445	945	0.0313	0.0560
GTCTA	978	931	0.0212	0.0551
TTCAG	7880	2003	0.1706	0.1186
TTCAT	6508	2280	0.1409	0.1350
TTTCC	6336	1988	0.1372	0.1177
TTTCA	8391	1470	0.1817	0.0870
GTCTT	2824	1539	0.0611	0.0911
TTTCG	6197	1441	0.1342	0.0853
CAGCG	12107	2737	0.2621	0.1621
CAGCC	7359	1940	0.1593	0.1149
CAGCA	12100	2302	0.2620	0.1363
CAGCY	1	0	0.0000	0.0000
CAGCT	5739	2335	0.1242	0.1383
GCYTG	1	0	0.0000	0.0000
TGTTT	6330	2047	0.1370	0.1212
TTGTT	6110	2219	0.1323	0.1314
CAGAG	3608	1910	0.0781	0.1131
CAGAC	5287	1249	0.1145	0.0740
CAGAA	6848	1975	0.1483	0.1169
CAGAT	6231	1779	0.1349	0.1053
TGCTA	2092	1225	0.0453	0.0725
TGCTC	4308	1830	0.0933	0.1084
TGCTG	11550	4131	0.2500	0.2446
GTATG	2885	1671	0.0625	0.0989
GTATC	3677	2235	0.0796	0.1323
GTATA	1864	1034	0.0404	0.0612
TGCTT	4600	2567	0.0996	0.1520
GTATT	4715	1897	0.1021	0.1123
TTAGC	3298	1508	0.0714	0.0893
TTAGA	1227	1205	0.0266	0.0713
TTAGG	1142	1075	0.0247	0.0636
TTAGT	1755	1186	0.0380	0.0702
TGTTA	3693	1621	0.0799	0.0960
TTGTC	4084	1547	0.0884	0.0916
TGTTC	5415	1605	0.1172	0.0950
TTGTA	2701	1451	0.0585	0.0859
TGTTG	6272	1998	0.1358	0.1183
TTGTG	3692	1834	0.0799	0.1086
RGCGT	1	0	0.0000	0.0000
ATATT	6351	1924	0.1375	0.1139
ATATG	3729	1687	0.0807	0.0999
ATATA	2667	1236	0.0577	0.0732
ATATC	5981	2003	0.1295	0.1186
ATTTC	6510	1865	0.1409	0.1104
AGCYT	1	0	0.0000	0.0000
ATTTG	5075	2333	0.1099	0.1381
ATTTA	5188	2723	0.1123	0.1612
TTATA	2882	1430	0.0624	0.0847
AGATT	4010	1901	0.0868	0.1126
TTATG	4573	2218	0.0990	0.1313
TTATC	7518	2593	0.1628	0.1535
AGATG	4496	2035	0.0973	0.1205
AGATA	4050	1504	0.0877	0.0890
AGATC	3983	1104	0.0862	0.0654
TTCTT	5688	2714	0.1231	0.1607
ATCTT	4761	1780	0.1031	0.1054
ATCTG	5988	2144	0.1296	0.1269
ATCTC	3892	1617	0.0843	0.0957
ATCTA	1542	1256	0.0334	0.0744
ATTTT	8919	1896	0.1931	0.1123
TTTTG	7945	1862	0.1720	0.1102
TTTTC	9128	1643	0.1976	0.0973
TTTTA	6757	1910	0.1463	0.1131
GAGAC	1555	1170	0.0337	0.0693
CTATC	2855	1377	0.0618	0.0815
GAGAA	4166	2658	0.0902	0.1574
CTATA	1619	1011	0.0350	0.0599
TTTTT	11590	1160	0.2509	0.0687
GAGAG	2096	4299	0.0454	0.2545
AGCTG	5541	2806	0.1200	0.1661
GAGAT	3864	1872	0.0837	0.1108
CTATT	2756	1281	0.0597	0.0758
AGCTT	3331	2099	0.0721	0.1243
TTCTG	6833	2397	0.1479	0.1419
TTCTC	4101	1511	0.0888	0.0895
CTATG	1974	1219	0.0427	0.0722
TTCTA	1697	1334	0.0367	0.0790
AGCTC	2646	1764	0.0573	0.1044
AGCTA	1844	1433	0.0399	0.0848
GAGCC	2127	1454	0.0460	0.0861
GAGCA	4350	2012	0.0942	0.1191
GAGCG	4053	2429	0.0877	0.1438
GAGCT	2510	2088	0.0543	0.1236
TGATA	5456	2195	0.1181	0.1300
TGATC	5518	1772	0.1195	0.1049
TGATG	9337	3674	0.2021	0.2175
TGATT	7189	2730	0.1556	0.1616
