Kmer	RefCount	ReadCount	RefPc	ReadPc
CTCTA	1307	762	0.0283	0.0481
CTTTT	6298	1692	0.1363	0.1069
CTCTT	3777	1275	0.0818	0.0805
CTCTG	3390	1531	0.0734	0.0967
CTCTC	2159	763	0.0467	0.0482
GAGGA	2368	1626	0.0513	0.1027
CGATG	7210	2110	0.1561	0.1333
GCGAA	7359	1756	0.1593	0.1109
GCGAC	5411	1406	0.1171	0.0888
GAGGG	1433	1313	0.0310	0.0829
CGATT	5099	1926	0.1104	0.1217
GAGGC	2382	1711	0.0516	0.1081
ATGTT	5058	1748	0.1095	0.1104
AGTTG	4011	1524	0.0868	0.0963
GCGAT	8823	2039	0.1910	0.1288
ATGTC	3500	1366	0.0758	0.0863
GCGAG	3687	1376	0.0798	0.0869
ATGTA	2428	1007	0.0526	0.0636
CGATA	6369	1756	0.1379	0.1109
GATAC	3779	1493	0.0818	0.0943
AGTTT	4882	1389	0.1057	0.0877
ATGTG	3183	1037	0.0689	0.0655
CGATC	5445	1300	0.1179	0.0821
GATAA	7541	1730	0.1633	0.1093
GAGGT	1995	1079	0.0432	0.0682
ATAGT	2321	1423	0.0502	0.0899
CTTTG	5518	2298	0.1195	0.1451
CTTTC	5921	2116	0.1282	0.1337
CTTTA	5389	2047	0.1167	0.1293
GATAG	2941	1469	0.0637	0.0928
AGTTC	4240	1218	0.0918	0.0769
GATAT	5829	1599	0.1262	0.1010
AGTTA	2965	1468	0.0642	0.0927
ATAGC	3640	1203	0.0788	0.0760
ATAGA	2086	1034	0.0452	0.0653
ATAGG	1318	1214	0.0285	0.0767
GCGCA	9303	2040	0.2014	0.1289
GCGCC	8470	1873	0.1834	0.1183
GCGCG	9273	2397	0.2007	0.1514
GACAG	3244	1351	0.0702	0.0853
GACAC	2298	695	0.0497	0.0439
GACAA	4102	1016	0.0888	0.0642
AGGTT	4041	862	0.0875	0.0544
GCGCT	7836	1359	0.1696	0.0858
ATTGT	4224	1191	0.0914	0.0752
GATCG	5435	1929	0.1177	0.1218
ATTGG	3763	1424	0.0815	0.0899
ATAAT	5573	2251	0.1206	0.1422
GACAT	3395	913	0.0735	0.0577
GATCC	4143	1230	0.0897	0.0777
GATCA	5568	1476	0.1205	0.0932
ATTGA	5589	1441	0.1210	0.0910
AGGTG	3821	1246	0.0827	0.0787
ACATG	2918	1471	0.0632	0.0929
YTGAC	1	0	0.0000	0.0000
AGGTC	2642	989	0.0572	0.0625
ATTGC	7344	1704	0.1590	0.1076
ATAAC	5424	1298	0.1174	0.0820
ACATT	3800	1442	0.0823	0.0911
GATCT	3875	1221	0.0839	0.0771
ATAAG	3126	800	0.0677	0.0505
ATAAA	7712	1164	0.1670	0.0735
AGGTA	3016	924	0.0653	0.0584
AGAGT	2398	973	0.0519	0.0615
ACATC	4922	1825	0.1066	0.1153
ACATA	2585	975	0.0560	0.0616
GACCA	4868	692	0.1054	0.0437
CGCTG	11974	1406	0.2592	0.0888
TTATT	7004	2187	0.1516	0.1381
GACCG	4316	829	0.0934	0.0524
CGCTT	6648	1082	0.1439	0.0683
GACCC	1844	1026	0.0399	0.0648
CGCTA	3866	920	0.0837	0.0581
GACCT	2683	922	0.0581	0.0582
CGCTC	4200	1188	0.0909	0.0750
ATACT	2507	1038	0.0543	0.0656
ATCGT	4861	2575	0.1052	0.1626
ATACG	3341	1471	0.0723	0.0929
ATCGG	5238	2127	0.1134	0.1343
ATCGA	5287	1925	0.1145	0.1216
ATACC	4780	1270	0.1035	0.0802
ATCGC	8812	2026	0.1908	0.1280
ATACA	2680	1426	0.0580	0.0901
GAAAA	9016	1824	0.1952	0.1152
GCGGG	5474	2800	0.1185	0.1769
CTAGG	126	909	0.0027	0.0574
ATTCT	3818	1487	0.0827	0.0939
CTAGT	277	881	0.0060	0.0556
GAAAG	6054	1441	0.1311	0.0910
CGTTA	5772	2464	0.1250	0.1556
GCGGA	5504	1600	0.1192	0.1011
CGTTC	4892	1910	0.1059	0.1206
GAAAC	5643	2020	0.1222	0.1276
GCGGC	9645	3307	0.2088	0.2089
GCTAA	3332	1130	0.0721	0.0714
GCGGT	7569	1716	0.1639	0.1084
GATGC	7216	2176	0.1562	0.1374
GCTAC	3248	1211	0.0703	0.0765
ACCTT	4070	1403	0.0881	0.0886
GATGA	7702	2342	0.1667	0.1479
GCTAG	361	1261	0.0078	0.0796
ATCAT	6274	1927	0.1358	0.1217
ATTCC	3995	1361	0.0865	0.0860
CTAGC	374	1073	0.0081	0.0678
CTAGA	146	786	0.0032	0.0496
GATGG	6367	1959	0.1378	0.1237
GAAAT	6633	2040	0.1436	0.1289
ATTCG	3833	1859	0.0830	0.1174
GATGT	4926	1328	0.1066	0.0839
CTGTT	6714	2054	0.1454	0.1297
CGTTT	7084	1866	0.1534	0.1179
GCTAT	3663	1094	0.0793	0.0691
ACCTC	2053	920	0.0444	0.0581
ATTCA	5593	1797	0.1211	0.1135
ACCTG	6087	1792	0.1318	0.1132
ATCAC	6151	1654	0.1332	0.1045
ATCAA	7134	1782	0.1544	0.1126
ACCTR	1	0	0.0000	0.0000
ATCAG	7868	2291	0.1703	0.1447
CTGTC	3243	1192	0.0702	0.0753
CGTTG	6437	2753	0.1394	0.1739
CTGTA	3309	1066	0.0716	0.0673
AGACT	1775	740	0.0384	0.0467
ACCTA	1227	633	0.0266	0.0400
CTGTG	3267	1097	0.0707	0.0693
AGCGT	6314	2798	0.1367	0.1767
AGAGA	3258	1564	0.0705	0.0988
GCCAA	5521	1626	0.1195	0.1027
GAACC	3541	1480	0.0767	0.0935
AGAGC	2977	1250	0.0644	0.0790
GACGC	5884	906	0.1274	0.0572
GAACA	5296	1731	0.1147	0.1093
GACGA	4266	1213	0.0924	0.0766
TATAT	2675	812	0.0579	0.0513
GCCAG	12903	2101	0.2793	0.1327
CTRGC	1	0	0.0000	0.0000
GAACG	4914	2099	0.1064	0.1326
AGAGG	2141	1363	0.0464	0.0861
GACGG	4439	1367	0.0961	0.0863
GCCAC	5813	1286	0.1258	0.0812
GCTCC	2624	1620	0.0568	0.1023
GACGT	3609	1101	0.0781	0.0695
TATAG	1667	827	0.0361	0.0522
GCTCG	3385	1456	0.0733	0.0920
TCGAT	5427	1824	0.1175	0.1152
TATAC	1822	850	0.0394	0.0537
TATAA	2859	802	0.0619	0.0507
TAGGT	1252	832	0.0271	0.0526
ATCCT	3477	1590	0.0753	0.1004
GCCAT	7289	2119	0.1578	0.1338
GCTCA	4267	1260	0.0924	0.0796
GAACT	4115	1142	0.0891	0.0721
GCTCT	3014	1388	0.0652	0.0877
TCGAG	2406	1171	0.0521	0.0740
TAGGG	884	1054	0.0191	0.0666
TCGAC	4012	1242	0.0869	0.0784
TCGAA	3556	1515	0.0770	0.0957
TAGGC	1411	1582	0.0305	0.0999
TAGGA	557	1136	0.0121	0.0718
ATCCC	3932	1556	0.0851	0.0983
ATCCG	5451	1707	0.1180	0.1078
ATCCA	5325	1629	0.1153	0.1029
GCCCC	2846	1134	0.0616	0.0716
GCCCA	4434	1416	0.0960	0.0894
CTACG	2574	1076	0.0557	0.0680
CTCGG	2417	1227	0.0523	0.0775
CTACC	2705	769	0.0586	0.0486
AGAAC	3952	1120	0.0856	0.0707
CTCGT	1974	1560	0.0427	0.0985
GCCCG	5490	1379	0.1189	0.0871
AGAAA	6533	1596	0.1414	0.1008
TAGAT	1609	944	0.0348	0.0596
CTCGC	3757	953	0.0813	0.0602
CTACA	2147	1177	0.0465	0.0743
CTCGA	2366	864	0.0512	0.0546
TAGAG	1360	1057	0.0294	0.0668
GCCCT	2828	914	0.0612	0.0577
TAGAC	989	816	0.0214	0.0515
TAGAA	1756	1540	0.0380	0.0973
AGCCG	4907	1910	0.1062	0.1206
CTACT	1599	827	0.0346	0.0522
AGCCT	3309	1156	0.0716	0.0730
GCAAC	6811	2186	0.1475	0.1381
GGGAC	1334	1101	0.0289	0.0695
GAAGG	4399	1762	0.0952	0.1113
CCATA	3617	1284	0.0783	0.0811
ACTTT	4733	1530	0.1025	0.0966
CTAAG	985	857	0.0213	0.0541
CGGTA	6601	1651	0.1429	0.1043
GCAAA	9017	1831	0.1952	0.1157
AGCGA	5750	1666	0.1245	0.1052
CGGTC	4146	1147	0.0898	0.0724
GGGAG	1938	1862	0.0420	0.1176
GAAGC	5740	2458	0.1243	0.1553
CTAAC	2185	735	0.0473	0.0464
GAAGA	6463	1549	0.1399	0.0978
CTAAA	2536	872	0.0549	0.0551
CGGTG	7328	1478	0.1586	0.0934
CTTGC	3835	1629	0.0830	0.1029
AGCGG	6516	2359	0.1411	0.1490
AGACG	3718	968	0.0805	0.0611
CTTGA	2416	1094	0.0523	0.0691
GCAAG	3882	1407	0.0840	0.0889
AGACA	2584	855	0.0559	0.0540
AGCGC	7930	1927	0.1717	0.1217
AGACC	2546	685	0.0551	0.0433
GGGAA	3981	1969	0.0862	0.1244
ATTAT	5750	1939	0.1245	0.1225
GCTGG	12905	2522	0.2794	0.1593
ACTTC	4484	1376	0.0971	0.0869
AAATT	6568	1356	0.1422	0.0856
GGGAT	3931	2031	0.0851	0.1283
GAAGT	4306	1773	0.0932	0.1120
TAGCT	1704	1249	0.0369	0.0789
ACTTG	1728	984	0.0374	0.0622
ATTAC	5086	1502	0.1101	0.0949
GCTGA	8742	2737	0.1893	0.1729
ATTAA	6309	1849	0.1366	0.1168
ATGGT	5499	2183	0.1190	0.1379
CCATG	3843	1719	0.0832	0.1086
GAGTC	1780	1396	0.0385	0.0882
CGAGT	1939	954	0.0420	0.0603
GCTGC	8805	2807	0.1906	0.1773
ATTAG	1908	1472	0.0413	0.0930
GAGTA	2241	1016	0.0485	0.0642
GCAAT	7134	2141	0.1544	0.1352
CCATC	6583	1827	0.1425	0.1154
TAGCG	3879	1387	0.0840	0.0876
AAATC	7073	1841	0.1531	0.1163
TAGCC	2876	1269	0.0623	0.0802
AAATG	5907	1718	0.1279	0.1085
TAGCA	2088	1228	0.0452	0.0776
CTTGT	2207	1009	0.0478	0.0637
GAGTG	2343	1348	0.0507	0.0851
GAGTT	3279	1215	0.0710	0.0767
ATGGC	7081	1545	0.1533	0.0976
ACTTA	2147	992	0.0465	0.0627
GCTGT	5998	1759	0.1298	0.1111
CCATT	5920	1883	0.1282	0.1189
AGTGT	2163	1142	0.0468	0.0721
ATGGG	3228	1647	0.0699	0.1040
CGGTT	6352	1275	0.1375	0.0805
AGAAG	4189	1738	0.0907	0.1098
CTTGG	1190	1071	0.0258	0.0676
CTAAT	1836	1284	0.0397	0.0811
ATGGA	3803	2134	0.0823	0.1348
AGTGG	3648	1566	0.0790	0.0989
AGAAT	3805	1447	0.0824	0.0914
AAATA	6049	1300	0.1310	0.0821
AGTGA	4013	1662	0.0869	0.1050
AGTGC	3737	1455	0.0809	0.0919
GCCGG	6518	1554	0.1411	0.0982
CTCCG	2654	1381	0.0575	0.0872
GGGCG	5610	2457	0.1214	0.1552
GCACC	5885	1433	0.1274	0.0905
GCCGC	9655	1381	0.2090	0.0872
GCACA	3905	1594	0.0845	0.1007
CTCCC	1824	1245	0.0395	0.0786
AATTT	6466	1848	0.1400	0.1167
GCCGA	6143	1476	0.1330	0.0932
CTCCA	3076	1307	0.0666	0.0826
TCTAT	2009	1028	0.0435	0.0649
AGCAA	6628	2013	0.1435	0.1271
TATGT	2463	1192	0.0533	0.0753
AGCAC	4552	1658	0.0985	0.1047
GGGCA	4434	1953	0.0960	0.1234
GGGCC	2081	1291	0.0451	0.0815
GCACG	4363	1656	0.0945	0.1046
AATTC	4112	1633	0.0890	0.1031
GGGCT	3141	1977	0.0680	0.1249
GCACT	3878	1280	0.0840	0.0808
AATTA	4605	1799	0.0997	0.1136
GCCGT	6157	2161	0.1333	0.1365
AGTAT	2472	1216	0.0535	0.0768
TCTAG	163	993	0.0035	0.0627
AATTG	4365	1331	0.0945	0.0841
ACGTT	5372	1893	0.1163	0.1196
TCTAC	2183	1039	0.0473	0.0656
TATGG	3610	1576	0.0782	0.0995
TAAAT	5194	1209	0.1124	0.0764
TCTAA	1160	1216	0.0251	0.0768
TCGGT	5048	1360	0.1093	0.0859
ATGAT	6132	2201	0.1328	0.1390
TATGC	3841	1667	0.0832	0.1053
TATGA	3234	1563	0.0700	0.0987
ATGAG	3138	2162	0.0679	0.1366
AGTAG	1673	1082	0.0362	0.0683
ACGTA	2822	1699	0.0611	0.1073
TAAAG	5242	667	0.1135	0.0421
AGTAC	2710	1271	0.0587	0.0803
CGAGA	2729	1186	0.0591	0.0749
ACGTC	3546	1925	0.0768	0.1216
TCGGG	2745	2426	0.0594	0.1532
TAAAC	5008	1905	0.1084	0.1203
CGAGC	3336	1710	0.0722	0.1080
TAAAA	6653	881	0.1440	0.0556
ACGTG	2753	1539	0.0596	0.0972
TCGGC	6238	2143	0.1350	0.1354
CGAGG	2341	1036	0.0507	0.0654
ATGAC	4938	957	0.1069	0.0604
TCGGA	1913	1334	0.0414	0.0843
ATGAA	6424	2808	0.1391	0.1774
CTCCT	1983	1035	0.0429	0.0654
AGGGG	1822	1541	0.0394	0.0973
AGTAA	3705	1148	0.0802	0.0725
AGGGT	2334	977	0.0505	0.0617
ACAGT	3070	1480	0.0665	0.0935
CTCAC	2791	917	0.0604	0.0579
CTCAA	3589	895	0.0777	0.0565
AGCCC	3254	1336	0.0704	0.0844
TCTCT	3252	1114	0.0704	0.0704
AGCCA	6118	2040	0.1324	0.1289
CTCAG	2507	954	0.0543	0.0603
CGACG	5286	1305	0.1144	0.0824
AACTT	3721	1114	0.0806	0.0704
TCTCG	2692	1166	0.0583	0.0736
TCCAT	3927	1511	0.0850	0.0954
CCCTG	4278	1262	0.0926	0.0797
TCTCC	3107	1017	0.0673	0.0642
TAACT	2919	873	0.0632	0.0551
TCTCA	2560	930	0.0554	0.0587
TACGT	2731	1725	0.0591	0.1090
CGCGT	5999	1799	0.1299	0.1136
CCCTC	1412	756	0.0306	0.0478
ATGCT	4777	2136	0.1034	0.1349
CGACT	2951	1302	0.0639	0.0822
CCCTA	833	599	0.0180	0.0378
AACTC	3326	983	0.0720	0.0621
AACTA	1743	849	0.0377	0.0536
ATGCG	5814	2351	0.1259	0.1485
CTTCT	4209	1649	0.0911	0.1042
AACTG	7039	1558	0.1524	0.0984
TCCAG	7922	1491	0.1715	0.0942
AGCAT	4730	2123	0.1024	0.1341
TAACG	5886	1755	0.1274	0.1109
AGTCG	2892	1690	0.0626	0.1067
TACGG	3530	1432	0.0764	0.0904
ATGCA	4556	2002	0.0986	0.1265
TCCAC	3888	1181	0.0842	0.0746
AGTCT	1755	1128	0.0380	0.0712
TAACC	4866	1479	0.1053	0.0934
TCCAA	1278	1079	0.0277	0.0682
TACGC	5414	1214	0.1172	0.0767
TAACA	3826	1193	0.0828	0.0754
CCCTT	2475	1097	0.0536	0.0693
TACGA	2351	1238	0.0509	0.0782
ATGCC	6516	1508	0.1411	0.0952
CTTCG	5123	1786	0.1109	0.1128
CTCAT	3142	1235	0.0680	0.0780
CTTCC	5336	1534	0.1155	0.0969
CTTCA	6255	1828	0.1354	0.1155
AGCAG	7276	2012	0.1575	0.1271
GCAGA	6750	1419	0.1461	0.0896
AGTCA	3096	1619	0.0670	0.1023
AGTCC	1642	1008	0.0355	0.0637
CTGGG	4937	1374	0.1069	0.0868
CGTGG	4881	2347	0.1057	0.1482
CGAAT	3735	1435	0.0809	0.0906
GCAGG	7760	1905	0.1680	0.1203
CTGGC	12896	2449	0.2792	0.1547
TATCT	3935	1778	0.0852	0.1123
GCAGC	9138	3042	0.1978	0.1921
CTGGA	7749	1852	0.1678	0.1170
GGGGA	2657	2011	0.0575	0.1270
GGGGC	2767	2355	0.0599	0.1487
CGTGT	2293	1509	0.0496	0.0953
GGGGG	1450	1680	0.0314	0.1061
GGTAG	2902	1308	0.0628	0.0826
GCGTA	5367	2428	0.1162	0.1534
GCGTC	5779	2733	0.1251	0.1726
CGAAG	4850	1531	0.1050	0.0967
GTGAC	3905	984	0.0845	0.0622
GTGAA	6146	1953	0.1331	0.1234
TATCG	6298	1999	0.1363	0.1263
GCAGT	5379	1844	0.1164	0.1165
TCGCT	5785	1339	0.1252	0.0846
GCGTG	6224	2460	0.1347	0.1554
TACAT	2499	1529	0.0541	0.0966
CAATG	5735	2028	0.1242	0.1281
TATCC	4341	1677	0.0940	0.1059
TATCA	5472	1621	0.1185	0.1024
CGTGA	4682	2229	0.1014	0.1408
CAATC	5168	1854	0.1119	0.1171
GGTAC	3247	1196	0.0703	0.0755
GGGGT	1825	1393	0.0395	0.0880
CGTGC	4408	1929	0.0954	0.1218
CAATA	5554	1389	0.1202	0.0877
GGTAA	6298	1330	0.1363	0.0840
GATTA	5009	1874	0.1084	0.1184
CTTAT	3026	1463	0.0655	0.0924
TACAG	3350	1458	0.0725	0.0921
GTGAT	6105	2074	0.1322	0.1310
ACACT	2155	927	0.0467	0.0586
GCGTT	8269	2679	0.1790	0.1692
TCGCG	6371	1709	0.1379	0.1079
TACAC	2103	1171	0.0455	0.0740
AGGCT	3167	1524	0.0686	0.0963
TCGCC	9384	1360	0.2032	0.0859
TACAA	2666	1202	0.0577	0.0759
CCTTG	2348	1071	0.0508	0.0676
CGCGA	6358	1308	0.1376	0.0826
TCGCA	3787	1700	0.0820	0.1074
GATTG	5168	1664	0.1119	0.1051
CGCGC	9275	1769	0.2008	0.1117
CGACA	4648	1311	0.1006	0.0828
CCTTC	4379	1388	0.0948	0.0877
CGACC	4258	853	0.0922	0.0539
CAATT	4319	1465	0.0935	0.0925
GGTAT	4617	1496	0.1000	0.0945
CCTTA	2134	1231	0.0462	0.0778
GATTC	3572	1722	0.0773	0.1088
CGCGG	6363	1778	0.1378	0.1123
GTGAG	2798	1838	0.0606	0.1161
AGGCG	5822	2441	0.1260	0.1542
ACACG	2331	1022	0.0505	0.0646
ACCGG	6580	1513	0.1424	0.0956
CTTAC	2579	1081	0.0558	0.0683
AGGCC	3410	848	0.0738	0.0536
CTTAA	3194	1507	0.0691	0.0952
CTGGT	8120	1675	0.1758	0.1058
CCTTT	4663	1776	0.1009	0.1122
ACCGT	5650	2098	0.1223	0.1325
GATTT	7043	2415	0.1525	0.1525
CTTAG	998	1354	0.0216	0.0855
GGCAG	7407	2764	0.1604	0.1746
CGCCT	5835	1199	0.1263	0.0757
AGGGC	2848	1082	0.0617	0.0683
ACAGC	5992	2147	0.1297	0.1356
GGCAA	8744	2282	0.1893	0.1441
ACAGA	3424	1219	0.0741	0.0770
GGCAC	4661	1573	0.1009	0.0994
ACAGG	4117	1647	0.0891	0.1040
AGGGA	2164	1421	0.0468	0.0898
GACTA	1565	744	0.0339	0.0470
GTGCG	4835	1620	0.1047	0.1023
GGTCG	4205	1871	0.0910	0.1182
CGCCG	10119	1440	0.2191	0.0910
GTGCC	4714	1603	0.1021	0.1012
GTGCA	3913	1205	0.0847	0.0761
GGTCA	5419	1686	0.1173	0.1065
TACCT	2895	1080	0.0627	0.0682
GACTG	3429	1147	0.0742	0.0724
GGTCC	1443	981	0.0312	0.0620
GGCAT	6481	2200	0.1403	0.1390
GACTC	1786	894	0.0387	0.0565
TACCG	6675	1523	0.1445	0.0962
GTGCT	4343	1971	0.0940	0.1245
CCTRG	1	0	0.0000	0.0000
TACCC	3395	1358	0.0735	0.0858
TACCA	4165	1269	0.0902	0.0802
CGAAA	6172	1641	0.1336	0.1036
GACTT	2744	1341	0.0594	0.0847
CGAAC	4280	1739	0.0927	0.1098
GGTCT	2391	1255	0.0518	0.0793
CGTCC	2923	1701	0.0633	0.1074
CTGCC	7269	1788	0.1574	0.1129
CGCAT	5927	1892	0.1283	0.1195
CTGCA	6102	1896	0.1321	0.1198
CGTCG	5279	2994	0.1143	0.1891
GGCCA	3842	1233	0.0832	0.0779
AAAGA	6104	783	0.1321	0.0495
GGCCC	2143	1002	0.0464	0.0633
ACAAA	5614	1110	0.1215	0.0701
CTGCG	7877	2335	0.1705	0.1475
GGCCG	3226	1191	0.0698	0.0752
AAAGC	7362	1061	0.1594	0.0670
CGCAC	5098	1379	0.1104	0.0871
CGCAG	7970	1777	0.1725	0.1122
CACTG	5273	1189	0.1142	0.0751
CACTC	2376	1095	0.0514	0.0692
TCACT	4039	1086	0.0874	0.0686
CACTA	2098	701	0.0454	0.0443
GGCCT	3330	1190	0.0721	0.0752
TCCGT	3050	2152	0.0660	0.1359
CGTCA	6226	2766	0.1348	0.1747
ACCCT	2250	802	0.0487	0.0507
TCACG	4810	1583	0.1041	0.1000
TCCGG	6387	1536	0.1383	0.0970
CACTT	4042	1240	0.0875	0.0783
CGCCA	13159	1678	0.2849	0.1060
TCACC	7270	1414	0.1574	0.0893
CGCCC	5690	1076	0.1232	0.0680
TCCGC	5489	1110	0.1188	0.0701
TCACA	2820	1577	0.0610	0.0996
CGTCT	3669	1991	0.0794	0.1258
CTGCT	6920	2461	0.1498	0.1554
TCCGA	1891	1059	0.0409	0.0669
ACCCC	1844	1157	0.0399	0.0731
ACCCG	4460	1475	0.0966	0.0932
CGTAA	4902	2237	0.1061	0.1413
CGGGT	4506	1843	0.0975	0.1164
CCAGT	7299	1166	0.1580	0.0736
CTGAA	7629	2430	0.1652	0.1535
CGTAC	3356	1680	0.0727	0.1061
GGTGA	7360	1820	0.1593	0.1150
CGTAG	2658	2244	0.0575	0.1417
GGAAA	6400	1982	0.1386	0.1252
ACCGA	5026	1214	0.1088	0.0767
GGAAC	4087	1185	0.0885	0.0748
AGGCA	4302	2316	0.0931	0.1463
CTGAG	2318	1929	0.0502	0.1218
ACACC	4266	1184	0.0924	0.0748
GGAAG	5600	2210	0.1212	0.1396
CCAGG	5948	1224	0.1288	0.0773
ACCGC	7795	1033	0.1688	0.0652
ACACA	2147	1094	0.0465	0.0691
CTGAC	6368	1357	0.1379	0.0857
GAATC	3559	1758	0.0770	0.1110
CGGGG	2538	2626	0.0549	0.1659
TGGCA	8395	2010	0.1817	0.1270
GAATA	5100	1619	0.1104	0.1023
GTGGG	3077	1625	0.0666	0.1026
TGGCC	3729	1047	0.0807	0.0661
CCGTG	4109	1776	0.0890	0.1122
AAGTT	3725	1057	0.0806	0.0668
GTGGC	5665	1601	0.1226	0.1011
TGGCG	12697	2517	0.2749	0.1590
CCGTC	4437	2144	0.0961	0.1354
GGTGC	5789	1461	0.1253	0.0923
GTGGA	3771	1763	0.0816	0.1114
CCGTA	3649	2010	0.0790	0.1270
GGAAT	4117	1727	0.0891	0.1091
GAATG	4417	1799	0.0956	0.1136
GGTGG	5738	2153	0.1242	0.1360
GAATT	4155	1917	0.0900	0.1211
AGGAT	3501	1483	0.0758	0.0937
ACTGG	7301	1443	0.1581	0.0911
ACAAT	4195	1360	0.0908	0.0859
GTTAG	2113	1420	0.0457	0.0897
GCTTG	3135	1498	0.0679	0.0946
TGGCT	6205	1918	0.1343	0.1211
AAGTC	2690	1105	0.0582	0.0698
GTTAC	4150	1894	0.0898	0.1196
AAGTA	2490	1000	0.0539	0.0632
CATTG	5727	1467	0.1240	0.0927
GTTAA	5737	1598	0.1242	0.1009
GTGGT	5615	2353	0.1216	0.1486
CCGTT	5873	2281	0.1271	0.1441
AAGTG	4020	1245	0.0870	0.0786
CATTC	4464	1677	0.0966	0.1059
GGTGT	4211	1295	0.0912	0.0818
TRGCG	1	0	0.0000	0.0000
ACTGT	3147	1010	0.0681	0.0638
CATTA	5382	1702	0.1165	0.1075
GCTTA	3437	1739	0.0744	0.1098
CGCAA	6381	1723	0.1381	0.1088
GCTTC	5696	1781	0.1233	0.1125
GCTTT	7537	2387	0.1632	0.1508
CGTAT	3332	2124	0.0721	0.1342
AGGAG	1950	1360	0.0422	0.0859
ACAAC	4544	1763	0.0984	0.1114
AAAGG	4498	868	0.0974	0.0548
GGCGA	9175	2285	0.1986	0.1443
AGGAA	4181	1736	0.0905	0.1097
GTTAT	5400	2152	0.1169	0.1359
GGCGC	8381	2132	0.1814	0.1347
GGACA	2182	784	0.0472	0.0495
AGGAC	1559	819	0.0338	0.0517
ACAAG	2270	913	0.0491	0.0577
CATTT	6206	2392	0.1344	0.1511
AAAGT	4784	894	0.1036	0.0565
ACTGC	5258	1424	0.1138	0.0899
CTGAT	7948	2095	0.1721	0.1323
ACTGA	4702	1452	0.1018	0.0917
GGACC	1396	991	0.0302	0.0626
GGCGG	8748	3061	0.1894	0.1933
GGACG	2915	1037	0.0631	0.0655
AACGC	8494	1885	0.1839	0.1191
AAACA	6391	1697	0.1384	0.1072
AACGA	4362	2207	0.0944	0.1394
GCCTC	2318	1212	0.0502	0.0766
GCCTA	1437	743	0.0311	0.0469
AATGT	3991	1296	0.0864	0.0819
GTCAG	6300	2230	0.1364	0.1409
TGGAA	6019	1973	0.1303	0.1246
ACTAT	2230	761	0.0483	0.0481
TGGAC	2465	979	0.0534	0.0618
GTCAC	3825	1588	0.0828	0.1003
GGCGT	7970	2997	0.1725	0.1893
GTCAA	3241	1574	0.0702	0.0994
TCCCT	2097	1100	0.0454	0.0695
TGGAG	3034	1890	0.0657	0.1194
GGACT	1694	986	0.0367	0.0623
GCCTG	8553	1525	0.1852	0.0963
GCCTT	4486	1392	0.0971	0.0879
ACTAA	1846	803	0.0400	0.0507
ACGGT	5322	1260	0.1152	0.0796
AATGC	6424	2215	0.1391	0.1399
GTTCG	4305	1396	0.0932	0.0882
TGGAT	5119	2057	0.1108	0.1299
AATGG	5596	2080	0.1211	0.1314
AAAAT	8943	1403	0.1936	0.0886
GTCAT	5008	2089	0.1084	0.1319
TCCCG	3675	1528	0.0796	0.0965
ACTAC	2176	835	0.0471	0.0527
GTTCC	4122	1280	0.0892	0.0808
GTTCA	5653	1366	0.1224	0.0863
TCCCC	2575	1310	0.0557	0.0827
ACTAG	268	735	0.0058	0.0464
CGGGA	3781	2039	0.0819	0.1288
TCCCA	2573	1446	0.0557	0.0913
CGGGC	5329	2732	0.1154	0.1726
AAAAC	8453	1554	0.1830	0.0982
CCAGC	13275	2832	0.2874	0.1789
ACGGC	6233	1761	0.1349	0.1112
AAAAA	11383	761	0.2464	0.0481
CCAGA	7530	1399	0.1630	0.0884
AAAAG	6095	745	0.1319	0.0471
ACGGG	3182	2266	0.0689	0.1431
GTTCT	3969	1461	0.0859	0.0923
AATGA	5418	2144	0.1173	0.1354
TAGTT	1878	1382	0.0407	0.0873
CGGCT	5034	2407	0.1090	0.1520
CCACG	4845	1248	0.1049	0.0788
CCCGG	4649	1658	0.1006	0.1047
ACCCA	3596	1297	0.0778	0.0819
TCTGT	3273	1276	0.0709	0.0806
CCACC	5844	1259	0.1265	0.0795
CGGCA	10136	2540	0.2194	0.1604
ACTCT	2334	976	0.0505	0.0616
CGGCC	3311	1430	0.0717	0.0903
TAGTG	2128	1667	0.0461	0.1053
GTCCG	2822	1202	0.0611	0.0759
CGGCG	10167	3061	0.2201	0.1933
TAGTC	1441	1416	0.0312	0.0894
TAGTA	1252	1419	0.0271	0.0896
GTCCC	1341	1157	0.0290	0.0731
TCTGG	7447	1843	0.1612	0.1164
TCAAT	5614	1754	0.1215	0.1108
GTCCA	2619	905	0.0567	0.0572
CCACT	3693	928	0.0799	0.0586
TCTGC	6452	2165	0.1397	0.1367
CCCGT	3203	1800	0.0693	0.1137
TAAGT	2168	794	0.0469	0.0502
AAACT	4923	1201	0.1066	0.0759
TCTGA	4109	1773	0.0890	0.1120
ACTCC	2267	1172	0.0491	0.0740
AACGT	5420	2510	0.1173	0.1585
ACTCA	3064	820	0.0663	0.0518
ACTCG	2088	890	0.0452	0.0562
ACCAT	5490	1551	0.1189	0.0980
TCAAG	2432	871	0.0526	0.0550
GTCCT	1466	1400	0.0317	0.0884
TAAGG	2313	901	0.0501	0.0569
TCAAC	6111	1975	0.1323	0.1247
TCAAA	5176	1090	0.1121	0.0688
TAAGC	3486	1430	0.0755	0.0903
TAAGA	1986	625	0.0430	0.0395
ACCAC	5744	1182	0.1244	0.0747
AACGG	5919	2201	0.1281	0.1390
GGAGA	3142	1853	0.0680	0.1170
ACCAA	4540	1229	0.0983	0.0776
AAACC	6807	2006	0.1474	0.1267
GGAGC	2637	1952	0.0571	0.1233
ACCAG	8102	1479	0.1754	0.0934
AAACG	6975	2371	0.1510	0.1498
CCTGA	6764	1852	0.1464	0.1170
CGGAT	5426	1543	0.1175	0.0975
GGAGT	2288	1171	0.0495	0.0740
GGAGG	1613	1549	0.0349	0.0978
CCAAG	1207	914	0.0261	0.0577
CCAAC	4293	1847	0.0929	0.1167
CAAGG	2457	1003	0.0532	0.0634
TGAAA	8224	2106	0.1780	0.1330
CCAAA	4159	1067	0.0900	0.0674
TGAAC	5568	2409	0.1205	0.1522
CGGAA	6027	1430	0.1305	0.0903
CAGTG	5061	1565	0.1096	0.0988
GGGTG	3410	1571	0.0738	0.0992
GCATC	6969	2302	0.1509	0.1454
TGAAG	6208	2063	0.1344	0.1303
CGGAC	2835	899	0.0614	0.0568
GTAAG	2608	999	0.0565	0.0631
GCATA	3845	1327	0.0832	0.0838
CAGTC	3490	1526	0.0756	0.0964
AATCT	3909	1536	0.0846	0.0970
CGGAG	2712	1412	0.0587	0.0892
CAGTA	4601	1282	0.0996	0.0810
GTAAC	4150	1531	0.0898	0.0967
TGTGA	2870	1138	0.0621	0.0719
GTAAA	6086	1264	0.1318	0.0798
CCTGG	6037	1536	0.1307	0.0970
CCAAT	3847	1481	0.0833	0.0935
TGTGC	3861	1550	0.0836	0.0979
GGGTA	3277	1061	0.0709	0.0670
CAAGT	1658	946	0.0359	0.0598
GGGTC	1880	1683	0.0407	0.1063
CCTGC	7639	2083	0.1654	0.1316
GCATG	4179	2212	0.0905	0.1397
TGTGG	3850	1275	0.0833	0.0805
AATCA	7126	2152	0.1543	0.1359
TGAAT	5593	2482	0.1211	0.1568
CYTGA	1	0	0.0000	0.0000
TTGGG	2150	1221	0.0465	0.0771
GCATT	6574	2222	0.1423	0.1403
AACAT	5122	1670	0.1109	0.1055
ACGCT	6318	955	0.1368	0.0603
TTGGC	5436	1897	0.1177	0.1198
AATCC	4481	1863	0.0970	0.1177
CAGTT	7225	1944	0.1564	0.1228
TTGGA	1356	1152	0.0294	0.0728
GTTGG	4311	1991	0.0933	0.1258
GTAAT	5144	2057	0.1114	0.1299
AATCG	5236	2248	0.1134	0.1420
GTTGC	6886	1936	0.1491	0.1223
GTTGA	6068	2039	0.1314	0.1288
GGGTT	3655	1175	0.0791	0.0742
CCTGT	4118	1368	0.0891	0.0864
TGTGT	2135	1251	0.0462	0.0790
ACGCA	5557	1756	0.1203	0.1109
CCCGC	5580	1157	0.1208	0.0731
CCACA	3993	1291	0.0864	0.0815
AACAA	6104	1651	0.1321	0.1043
TTTAC	6219	1921	0.1346	0.1213
CCCGA	2783	1087	0.0602	0.0687
TTGGT	4531	1875	0.0981	0.1184
TTTAA	5865	1652	0.1270	0.1043
ACGCC	8113	859	0.1756	0.0543
AACAC	3954	1217	0.0856	0.0769
ACGCG	6220	1386	0.1347	0.0875
GTTGT	4500	2103	0.0974	0.1328
AACAG	6657	2154	0.1441	0.1361
TTTAG	2391	1424	0.0518	0.0899
TCTTG	2453	1246	0.0531	0.0787
CCCCG	2536	1321	0.0549	0.0834
TAATT	4474	1872	0.0969	0.1182
TCTTC	6353	2251	0.1375	0.1422
CCCCC	1486	769	0.0322	0.0486
ACGGA	3181	1275	0.0689	0.0805
TCTTA	2075	1440	0.0449	0.0910
CCCCA	2911	1380	0.0630	0.0872
TGCCA	8400	2180	0.1819	0.1377
TGCCC	4537	1429	0.0982	0.0903
TGCCG	10210	2027	0.2210	0.1280
GTACG	3290	1295	0.0712	0.0818
TAATG	5399	2190	0.1169	0.1383
GTCGG	3999	2183	0.0866	0.1379
GTACC	3253	1403	0.0704	0.0886
CCCCT	1818	899	0.0394	0.0568
GTACA	2697	1171	0.0584	0.0740
TAATC	4957	2343	0.1073	0.1480
GTCGC	5499	1615	0.1190	0.1020
TAATA	4055	1603	0.0878	0.1012
GTCGA	4041	1574	0.0875	0.0994
TGCCT	4321	1319	0.0935	0.0833
AACCT	3965	1841	0.0858	0.1163
GTACT	2724	1220	0.0590	0.0771
GTCGT	3609	2714	0.0781	0.1714
CAAGC	3197	1367	0.0692	0.0863
AACCC	3609	1119	0.0781	0.0707
CAAGA	2479	788	0.0537	0.0498
AACCA	6366	1866	0.1378	0.1179
AACCG	6456	1970	0.1398	0.1244
TATTG	5674	1299	0.1228	0.0820
CCCAG	5146	1551	0.1114	0.0980
TCGTT	4663	2148	0.1009	0.1357
TATTC	5100	1473	0.1104	0.0930
CAACG	6414	2582	0.1389	0.1631
TATTA	4079	1383	0.0883	0.0874
CCCAC	2961	1076	0.0641	0.0680
CACGG	4033	1559	0.0873	0.0985
CCCAA	2172	1378	0.0470	0.0870
CAACC	5183	1826	0.1122	0.1153
CACGC	6401	954	0.1386	0.0603
CAACA	6321	2072	0.1368	0.1309
TGCAA	5079	1548	0.1100	0.0978
TGCAC	3775	1354	0.0817	0.0855
TCGTG	3167	2240	0.0686	0.1415
CCTCG	2330	1092	0.0504	0.0690
TGCAG	6357	1656	0.1376	0.1046
TCGTC	4358	2652	0.0943	0.1675
CCCAT	3249	1534	0.0703	0.0969
CAACT	3871	1289	0.0838	0.0814
TCGTA	2433	2148	0.0527	0.1357
CCTCC	1523	1160	0.0330	0.0733
CACGT	2753	1722	0.0596	0.1088
CCTCA	2166	990	0.0469	0.0625
TGTCA	3625	1412	0.0785	0.0892
TGTCC	2238	974	0.0485	0.0615
TCAGT	4655	1826	0.1008	0.1153
TTGCC	8918	2055	0.1931	0.1298
TGCAT	4394	1847	0.0951	0.1167
TTGCA	5076	1302	0.1099	0.0822
TGTCG	4743	1533	0.1027	0.0968
CCTCT	2028	852	0.0439	0.0538
TCAGG	6759	1931	0.1463	0.1220
TTGCG	6665	1780	0.1443	0.1124
TCAGC	8899	2588	0.1927	0.1635
TGTCT	2495	1421	0.0540	0.0898
TCAGA	4263	1149	0.0923	0.0726
TTGCT	6526	2330	0.1413	0.1472
GTAGA	2272	1307	0.0492	0.0826
CAAAG	5338	754	0.1156	0.0476
CCGGG	4729	1747	0.1024	0.1103
TACTT	2600	1185	0.0563	0.0748
CAAAC	5977	1791	0.1294	0.1131
CCGGC	6485	2224	0.1404	0.1405
CAAAA	7814	991	0.1692	0.0626
CCGGA	6423	1072	0.1391	0.0677
TGGGA	2583	1493	0.0559	0.0943
TGGGC	4317	1510	0.0935	0.0954
TGGGG	2912	1591	0.0630	0.1005
CCTAG	130	662	0.0028	0.0418
AATAT	6475	1375	0.1402	0.0868
TACTG	4645	1431	0.1006	0.0904
CATGG	3982	1894	0.0862	0.1196
CAAAT	4832	1562	0.1046	0.0987
CCTAC	1431	761	0.0310	0.0481
CCTAA	1208	599	0.0262	0.0378
CCGGT	6462	1216	0.1399	0.0768
TACTC	2235	887	0.0484	0.0560
GTAGG	1532	1231	0.0332	0.0778
CATGC	4176	1939	0.0904	0.1225
TACTA	1121	841	0.0243	0.0531
CATGA	4268	2080	0.0924	0.1314
GTAGC	3221	1426	0.0697	0.0901
TGTAA	3064	1134	0.0663	0.0716
TGGGT	3571	1275	0.0773	0.0805
TTGAA	5381	1871	0.1165	0.1182
TGTAC	2637	942	0.0571	0.0595
GTGTG	2571	1568	0.0557	0.0990
AATAC	4787	1732	0.1036	0.1094
TGTAG	2135	1153	0.0462	0.0728
AATAA	6848	1564	0.1483	0.0988
AAGGT	3980	708	0.0862	0.0447
GTGTC	2257	1159	0.0489	0.0732
CCTAT	1307	644	0.0283	0.0407
AATAG	2657	1239	0.0575	0.0783
GTGTA	2101	1222	0.0455	0.0772
GGTTC	3495	885	0.0757	0.0559
ACGAT	4680	1934	0.1013	0.1222
GGTTA	4974	1489	0.1077	0.0940
TTGAG	3513	1531	0.0761	0.0967
GGTTG	5069	1450	0.1097	0.0916
CATGT	2827	1344	0.0612	0.0849
GTAGT	2354	1822	0.0510	0.1151
TTGAC	3272	1032	0.0708	0.0652
CACGA	3150	1274	0.0682	0.0805
AAGGC	4484	1510	0.0971	0.0954
AAGGA	2585	1168	0.0560	0.0738
ACGAC	3675	1037	0.0796	0.0655
TGTAT	2719	1397	0.0589	0.0882
AAGGG	2571	1147	0.0557	0.0724
GTGTT	3842	1256	0.0832	0.0793
ACGAA	3949	1784	0.0855	0.1127
ACGAG	1842	1178	0.0399	0.0744
TATTT	5985	1844	0.1296	0.1165
TTGAT	7227	1999	0.1565	0.1263
GGTTT	6756	1459	0.1463	0.0922
TTTGT	5652	1984	0.1224	0.1253
CACCG	7643	1537	0.1655	0.0971
CACCC	3305	1229	0.0715	0.0776
CACCA	8424	1616	0.1824	0.1021
TCATT	5518	1692	0.1195	0.1069
CACCT	3870	905	0.0838	0.0572
TTCGC	7277	1515	0.1575	0.0957
TTACA	3079	1584	0.0667	0.1000
GGCTA	2783	1393	0.0602	0.0880
TCATG	4346	1854	0.0941	0.1171
TTCGA	3708	1389	0.0803	0.0877
GGCTC	2132	1539	0.0462	0.0972
TCATC	7788	2321	0.1686	0.1466
GGCTG	7395	2554	0.1601	0.1613
TCATA	3287	1319	0.0712	0.0833
TTACG	4822	1768	0.1044	0.1117
TTCGG	4310	1725	0.0933	0.1090
TTACC	6377	1787	0.1381	0.1129
AAGAT	4845	905	0.1049	0.0572
GGCTT	5229	2338	0.1132	0.1477
TTACT	3776	1257	0.0817	0.0794
AAGAA	5661	1200	0.1226	0.0758
TTCGT	4188	2338	0.0907	0.1477
AAGAC	2793	650	0.0605	0.0411
AAGAG	3706	990	0.0802	0.0625
CCGCG	6134	1163	0.1328	0.0735
CACAG	3341	1530	0.0723	0.0966
CCGCC	8883	1300	0.1923	0.0821
TGAGA	2555	1457	0.0553	0.0920
CACAC	2573	1146	0.0557	0.0724
CCGCA	6764	1276	0.1464	0.0806
TGAGC	4083	2346	0.0884	0.1482
CACAA	3765	1277	0.0815	0.0807
TGAGG	2077	1782	0.0450	0.1126
CATCG	7212	2477	0.1561	0.1565
CACAT	3202	1602	0.0693	0.1012
CCGCT	6768	942	0.1465	0.0595
CATCC	5264	1712	0.1140	0.1081
CATCA	9347	2408	0.2024	0.1521
TGAGT	3031	1876	0.0656	0.1185
TGGTA	4178	1697	0.0904	0.1072
TTAAG	3243	1094	0.0702	0.0691
TGGTC	4805	1975	0.1040	0.1247
TTAAC	5739	1734	0.1242	0.1095
TGGTG	8549	2435	0.1851	0.1538
TTAAA	5778	1361	0.1251	0.0860
CATCT	4473	1678	0.0968	0.1060
TTTGA	5332	1856	0.1154	0.1172
AAGCT	3384	1481	0.0733	0.0935
TTAAT	6350	2416	0.1375	0.1526
TTTGG	4227	1657	0.0915	0.1047
TGGTT	6248	1972	0.1353	0.1246
AAGCC	5233	1549	0.1133	0.0978
TTTGC	9124	2195	0.1975	0.1386
AAGCA	4647	1535	0.1006	0.0970
AAGCG	6501	1751	0.1407	0.1106
TTTCT	6328	2041	0.1370	0.1289
CCGAG	2428	1160	0.0526	0.0733
CCGAC	4038	1085	0.0874	0.0685
GGATA	4233	1504	0.0916	0.0950
CAGGG	4272	1506	0.0925	0.0951
CCGAA	4191	1292	0.0907	0.0816
TCCTT	2497	1576	0.0541	0.0995
CAGGC	8386	2331	0.1815	0.1472
CAGGA	5713	1466	0.1237	0.0926
CATAG	2086	1339	0.0452	0.0846
CCGAT	5177	1297	0.1121	0.0819
CATAC	2946	1132	0.0638	0.0715
TCCTG	5678	2260	0.1229	0.1427
CATAA	4615	1415	0.0999	0.0894
CAGGT	6253	1402	0.1354	0.0886
GGATC	4082	1595	0.0884	0.1007
TCCTC	2268	1202	0.0491	0.0759
GGATG	5135	1766	0.1112	0.1115
TCCTA	583	690	0.0126	0.0436
TTCCG	5923	1569	0.1282	0.0991
TTCCC	3822	1427	0.0827	0.0901
TTCCA	5970	1422	0.1292	0.0898
CATAT	3717	1021	0.0805	0.0645
GGATT	4521	2251	0.0979	0.1422
TTCCT	4084	1697	0.0884	0.1072
GTTTG	5832	1481	0.1263	0.0935
GTTTC	5691	1522	0.1232	0.0961
TCTTT	6160	2469	0.1334	0.1559
GTTTA	4955	1623	0.1073	0.1025
TTTAT	7765	2242	0.1681	0.1416
GTTTT	8592	1485	0.1860	0.0938
TGCGA	3988	1317	0.0863	0.0832
TGACA	3612	1025	0.0782	0.0647
TGCGC	9289	1839	0.2011	0.1162
TGACC	5496	937	0.1190	0.0592
TGCGG	6578	2224	0.1424	0.1405
TGACG	6273	1275	0.1358	0.0805
TGCGT	5308	2704	0.1149	0.1708
TGACT	3114	1098	0.0674	0.0694
TTCAC	6168	1502	0.1335	0.0949
TTCAA	5325	1441	0.1153	0.0910
GTCTG	5083	1814	0.1100	0.1146
GTCTC	1445	1035	0.0313	0.0654
GTCTA	978	1059	0.0212	0.0669
TTCAG	7880	2018	0.1706	0.1275
TTCAT	6508	1936	0.1409	0.1223
TTTCC	6336	1942	0.1372	0.1227
TTTCA	8391	1906	0.1817	0.1204
GTCTT	2824	1889	0.0611	0.1193
TTTCG	6197	1930	0.1342	0.1219
CAGCG	12107	3318	0.2621	0.2096
CAGCC	7359	2231	0.1593	0.1409
CAGCA	12100	3097	0.2620	0.1956
CAGCY	1	0	0.0000	0.0000
CAGCT	5739	1965	0.1242	0.1241
GCYTG	1	0	0.0000	0.0000
TGTTT	6330	1391	0.1370	0.0879
TTGTT	6110	1825	0.1323	0.1153
CAGAG	3608	1376	0.0781	0.0869
CAGAC	5287	906	0.1145	0.0572
CAGAA	6848	1398	0.1483	0.0883
CAGAT	6231	1508	0.1349	0.0952
TGCTA	2092	1236	0.0453	0.0781
TGCTC	4308	1894	0.0933	0.1196
TGCTG	11550	3396	0.2500	0.2145
GTATG	2885	1748	0.0625	0.1104
GTATC	3677	1896	0.0796	0.1198
GTATA	1864	889	0.0404	0.0562
TGCTT	4600	2372	0.0996	0.1498
GTATT	4715	1697	0.1021	0.1072
TTAGC	3298	1431	0.0714	0.0904
TTAGA	1227	1229	0.0266	0.0776
TTAGG	1142	1252	0.0247	0.0791
TTAGT	1755	1758	0.0380	0.1110
TGTTA	3693	1641	0.0799	0.1036
TTGTC	4084	1623	0.0884	0.1025
TGTTC	5415	1504	0.1172	0.0950
TTGTA	2701	1329	0.0585	0.0839
TGTTG	6272	2346	0.1358	0.1482
TTGTG	3692	1511	0.0799	0.0954
RGCGT	1	0	0.0000	0.0000
ATATT	6351	1202	0.1375	0.0759
ATATG	3729	1376	0.0807	0.0869
ATATA	2667	831	0.0577	0.0525
ATATC	5981	1399	0.1295	0.0884
ATTTC	6510	2521	0.1409	0.1592
AGCYT	1	0	0.0000	0.0000
ATTTG	5075	2147	0.1099	0.1356
ATTTA	5188	1824	0.1123	0.1152
TTATA	2882	1007	0.0624	0.0636
AGATT	4010	1350	0.0868	0.0853
TTATG	4573	2047	0.0990	0.1293
TTATC	7518	2553	0.1628	0.1613
AGATG	4496	1473	0.0973	0.0930
AGATA	4050	1140	0.0877	0.0720
AGATC	3983	1086	0.0862	0.0686
TTCTT	5688	2438	0.1231	0.1540
ATCTT	4761	1813	0.1031	0.1145
ATCTG	5988	1838	0.1296	0.1161
ATCTC	3892	1288	0.0843	0.0814
ATCTA	1542	1275	0.0334	0.0805
ATTTT	8919	2009	0.1931	0.1269
TTTTG	7945	1769	0.1720	0.1117
TTTTC	9128	1667	0.1976	0.1053
TTTTA	6757	1745	0.1463	0.1102
GAGAC	1555	877	0.0337	0.0554
CTATC	2855	1228	0.0618	0.0776
GAGAA	4166	1764	0.0902	0.1114
CTATA	1619	562	0.0350	0.0355
TTTTT	11590	997	0.2509	0.0630
GAGAG	2096	1727	0.0454	0.1091
AGCTG	5541	2469	0.1200	0.1559
GAGAT	3864	1692	0.0837	0.1069
CTATT	2756	914	0.0597	0.0577
AGCTT	3331	1611	0.0721	0.1018
TTCTG	6833	1876	0.1479	0.1185
TTCTC	4101	1142	0.0888	0.0721
CTATG	1974	824	0.0427	0.0520
TTCTA	1697	1177	0.0367	0.0743
AGCTC	2646	1099	0.0573	0.0694
AGCTA	1844	1146	0.0399	0.0724
GAGCC	2127	1391	0.0460	0.0879
GAGCA	4350	1950	0.0942	0.1232
GAGCG	4053	2293	0.0877	0.1448
GAGCT	2510	1627	0.0543	0.1028
TGATA	5456	1887	0.1181	0.1192
TGATC	5518	1875	0.1195	0.1184
TGATG	9337	2457	0.2021	0.1552
TGATT	7189	2149	0.1556	0.1357
