Kmer	RefCount	ReadCount	RefPc	ReadPc
gggat	1132	0	0.0620	0.0000
gctgg	2353	0	0.1289	0.0000
tcgga	813	0	0.0445	0.0000
taaaa	2643	0	0.1447	0.0000
tcggc	2048	0	0.1122	0.0000
taaac	2071	0	0.1134	0.0000
gctga	2567	0	0.1406	0.0000
tcggg	836	0	0.0458	0.0000
taaag	2190	0	0.1199	0.0000
gaagt	1824	0	0.0999	0.0000
gctgc	2595	0	0.1421	0.0000
gggac	424	0	0.0232	0.0000
gggag	571	0	0.0313	0.0000
gaaga	2478	0	0.1357	0.0000
gaagc	2210	0	0.1210	0.0000
gggaa	1100	0	0.0602	0.0000
gaagg	1557	0	0.0853	0.0000
GAGGA	0	12	0.0000	0.0694
tctat	1251	0	0.0685	0.0000
GAGGG	0	20	0.0000	0.1156
GAGGC	0	20	0.0000	0.1156
gctct	2149	0	0.1177	0.0000
tctaa	1159	0	0.0635	0.0000
tcggt	1900	0	0.1040	0.0000
AGTTG	0	9	0.0000	0.0520
tctac	1038	0	0.0568	0.0000
taaat	1878	0	0.1028	0.0000
tctag	719	0	0.0394	0.0000
GATAC	0	16	0.0000	0.0925
AGTTT	0	16	0.0000	0.0925
GATAA	0	15	0.0000	0.0867
GAGGT	0	10	0.0000	0.0578
ATAGT	0	14	0.0000	0.0809
gccct	1019	0	0.0558	0.0000
taaca	1280	0	0.0701	0.0000
taacc	1590	0	0.0871	0.0000
tccaa	1982	0	0.1085	0.0000
tccac	1515	0	0.0830	0.0000
GATAG	0	13	0.0000	0.0752
taacg	1697	0	0.0929	0.0000
AGTTC	0	5	0.0000	0.0289
GATAT	0	22	0.0000	0.1272
tccag	1229	0	0.0673	0.0000
AGTTA	0	13	0.0000	0.0752
ATAGC	0	17	0.0000	0.0983
gcccg	969	0	0.0531	0.0000
ATAGA	0	11	0.0000	0.0636
ATAGG	0	9	0.0000	0.0520
gccca	1661	0	0.0910	0.0000
gcccc	895	0	0.0490	0.0000
GACAG	0	7	0.0000	0.0405
GACAC	0	18	0.0000	0.1041
atctg	1675	0	0.0917	0.0000
GACAA	0	10	0.0000	0.0578
gctat	1360	0	0.0745	0.0000
AGGTT	0	5	0.0000	0.0289
GATCG	0	13	0.0000	0.0752
tcgat	2722	0	0.1491	0.0000
ATAAT	0	16	0.0000	0.0925
GACAT	0	10	0.0000	0.0578
atctt	2277	0	0.1247	0.0000
GATCC	0	11	0.0000	0.0636
GATCA	0	20	0.0000	0.1156
gaact	1625	0	0.0890	0.0000
AGGTG	0	10	0.0000	0.0578
gctcc	855	0	0.0468	0.0000
gccat	3274	0	0.1793	0.0000
AGGTC	0	8	0.0000	0.0463
gctcg	1880	0	0.1030	0.0000
tcgca	1834	0	0.1004	0.0000
tcgcc	2733	0	0.1497	0.0000
ATAAC	0	10	0.0000	0.0578
gctca	2894	0	0.1585	0.0000
GATCT	0	12	0.0000	0.0694
tcgcg	1984	0	0.1086	0.0000
ATAAG	0	16	0.0000	0.0925
gccac	2471	0	0.1353	0.0000
gaacg	1399	0	0.0766	0.0000
gccag	2405	0	0.1317	0.0000
ATAAA	0	14	0.0000	0.0809
AGGTA	0	10	0.0000	0.0578
gaaca	2078	0	0.1138	0.0000
gccaa	4470	0	0.2448	0.0000
gaacc	1165	0	0.0638	0.0000
GACCA	0	8	0.0000	0.0463
CGCTG	0	28	0.0000	0.1619
TTATT	0	28	0.0000	0.1619
GACCG	0	13	0.0000	0.0752
CGCTT	0	13	0.0000	0.0752
GACCC	0	14	0.0000	0.0809
tcgct	2606	0	0.1427	0.0000
CGCTA	0	11	0.0000	0.0636
GACCT	0	7	0.0000	0.0405
CGCTC	0	22	0.0000	0.1272
gctac	1166	0	0.0639	0.0000
gctaa	1569	0	0.0859	0.0000
gcggt	2158	0	0.1182	0.0000
gaaat	2532	0	0.1387	0.0000
gctag	771	0	0.0422	0.0000
ATACT	0	14	0.0000	0.0809
ATACG	0	12	0.0000	0.0694
gaaac	2247	0	0.1230	0.0000
gcggg	1016	0	0.0556	0.0000
gaaag	2441	0	0.1337	0.0000
ATACC	0	15	0.0000	0.0867
ATACA	0	7	0.0000	0.0405
gcggc	2153	0	0.1179	0.0000
gaaaa	3686	0	0.2018	0.0000
gcgga	1406	0	0.0770	0.0000
tctgt	1328	0	0.0727	0.0000
CTAGG	0	9	0.0000	0.0520
CTAGT	0	7	0.0000	0.0405
CGTTA	0	14	0.0000	0.0809
CGTTC	0	23	0.0000	0.1330
tctgc	2193	0	0.1201	0.0000
taagt	1228	0	0.0672	0.0000
GATGC	0	24	0.0000	0.1388
ACCTT	0	15	0.0000	0.0867
GATGA	0	33	0.0000	0.1908
tctgg	1693	0	0.0927	0.0000
tggat	2170	0	0.1188	0.0000
CTAGC	0	7	0.0000	0.0405
CTAGA	0	9	0.0000	0.0520
GATGG	0	16	0.0000	0.0925
GATGT	0	16	0.0000	0.0925
tggca	3432	0	0.1879	0.0000
tccgc	1380	0	0.0756	0.0000
CGTTT	0	27	0.0000	0.1561
ACCTC	0	7	0.0000	0.0405
tccgg	691	0	0.0378	0.0000
tggcc	2403	0	0.1316	0.0000
ACCTG	0	22	0.0000	0.1272
agatg	1778	0	0.0974	0.0000
tggcg	3700	0	0.2026	0.0000
agatc	1800	0	0.0986	0.0000
agata	1426	0	0.0781	0.0000
CGTTG	0	20	0.0000	0.1156
agatt	1721	0	0.0942	0.0000
ACCTA	0	6	0.0000	0.0347
tccga	751	0	0.0411	0.0000
AGCGT	0	23	0.0000	0.1330
GACGC	0	20	0.0000	0.1156
attta	1860	0	0.1019	0.0000
GACGA	0	17	0.0000	0.0983
TATAT	0	16	0.0000	0.0925
GACGG	0	14	0.0000	0.0809
tccgt	1015	0	0.0556	0.0000
GACGT	0	6	0.0000	0.0347
TATAG	0	13	0.0000	0.0752
tggct	3091	0	0.1693	0.0000
TATAC	0	10	0.0000	0.0578
atttg	3070	0	0.1681	0.0000
TATAA	0	9	0.0000	0.0520
TAGGT	0	9	0.0000	0.0520
atttc	2616	0	0.1433	0.0000
TAGGG	0	6	0.0000	0.0347
gcgct	2763	0	0.1513	0.0000
TAGGC	0	9	0.0000	0.0520
TAGGA	0	9	0.0000	0.0520
atttt	3860	0	0.2114	0.0000
atcta	924	0	0.0506	0.0000
gcgcc	1972	0	0.1080	0.0000
atctc	1875	0	0.1027	0.0000
gcgca	2702	0	0.1480	0.0000
gcgcg	1973	0	0.1080	0.0000
CTACG	0	10	0.0000	0.0578
tctct	2040	0	0.1117	0.0000
CTACC	0	10	0.0000	0.0578
atgtg	1643	0	0.0900	0.0000
atgta	1053	0	0.0577	0.0000
atgtc	1610	0	0.0882	0.0000
tctca	1723	0	0.0944	0.0000
TAGAT	0	12	0.0000	0.0694
tctcc	1049	0	0.0574	0.0000
taact	1187	0	0.0650	0.0000
tccat	1756	0	0.0962	0.0000
tctcg	1426	0	0.0781	0.0000
atgtt	2181	0	0.1194	0.0000
CTACA	0	10	0.0000	0.0578
TAGAG	0	8	0.0000	0.0463
TAGAC	0	10	0.0000	0.0578
tccca	1038	0	0.0568	0.0000
gcgat	3262	0	0.1786	0.0000
TAGAA	0	15	0.0000	0.0867
tcccc	801	0	0.0439	0.0000
ctctc	1354	0	0.0741	0.0000
tcccg	613	0	0.0336	0.0000
gcgag	1693	0	0.0927	0.0000
ctctg	1622	0	0.0888	0.0000
gcgaa	2290	0	0.1254	0.0000
AGCCG	0	22	0.0000	0.1272
CTACT	0	10	0.0000	0.0578
gcgac	1617	0	0.0885	0.0000
ctctt	2382	0	0.1304	0.0000
AGCCT	0	17	0.0000	0.0983
GCAAC	0	14	0.0000	0.0809
ACTTT	0	13	0.0000	0.0752
CTAAG	0	7	0.0000	0.0405
CGGTA	0	28	0.0000	0.1619
GCAAA	0	26	0.0000	0.1503
AGCGA	0	20	0.0000	0.1156
CGGTC	0	26	0.0000	0.1503
CTAAC	0	11	0.0000	0.0636
CTAAA	0	12	0.0000	0.0694
CGGTG	0	13	0.0000	0.0752
AGCGG	0	31	0.0000	0.1792
GCAAG	0	17	0.0000	0.0983
AGCGC	0	21	0.0000	0.1214
ACTTC	0	14	0.0000	0.0809
AAATT	0	17	0.0000	0.0983
tccct	789	0	0.0432	0.0000
TAGCT	0	7	0.0000	0.0405
ACTTG	0	6	0.0000	0.0347
GAGTC	0	11	0.0000	0.0636
GAGTA	0	8	0.0000	0.0463
GCAAT	0	16	0.0000	0.0925
taagc	1764	0	0.0966	0.0000
TAGCG	0	11	0.0000	0.0636
AAATC	0	17	0.0000	0.0983
taagg	1049	0	0.0574	0.0000
TAGCC	0	18	0.0000	0.1041
tggac	933	0	0.0511	0.0000
AAATG	0	26	0.0000	0.1503
TAGCA	0	11	0.0000	0.0636
tggaa	2229	0	0.1221	0.0000
GAGTG	0	12	0.0000	0.0694
tggag	1077	0	0.0590	0.0000
GAGTT	0	10	0.0000	0.0578
ACTTA	0	12	0.0000	0.0694
tctga	1379	0	0.0755	0.0000
AGTGT	0	13	0.0000	0.0752
CGGTT	0	27	0.0000	0.1561
CTAAT	0	13	0.0000	0.0752
AGTGG	0	11	0.0000	0.0636
AAATA	0	22	0.0000	0.1272
AGTGA	0	12	0.0000	0.0694
taaga	1077	0	0.0590	0.0000
AGTGC	0	17	0.0000	0.0983
cccca	1125	0	0.0616	0.0000
ccccc	562	0	0.0308	0.0000
GCACC	0	16	0.0000	0.0925
GCACA	0	20	0.0000	0.1156
ccccg	519	0	0.0284	0.0000
AGCAA	0	13	0.0000	0.0752
TATGT	0	15	0.0000	0.0867
AGCAC	0	11	0.0000	0.0636
GCACG	0	24	0.0000	0.1388
GCACT	0	9	0.0000	0.0520
AGTAT	0	7	0.0000	0.0405
cccct	812	0	0.0445	0.0000
ACGTT	0	11	0.0000	0.0636
TATGG	0	24	0.0000	0.1388
TATGC	0	19	0.0000	0.1099
gcctt	2329	0	0.1275	0.0000
TATGA	0	17	0.0000	0.0983
acgcc	2113	0	0.1157	0.0000
AGTAG	0	9	0.0000	0.0520
ACGTA	0	8	0.0000	0.0463
cctct	1027	0	0.0562	0.0000
AGTAC	0	20	0.0000	0.1156
acgca	1960	0	0.1073	0.0000
ACGTC	0	7	0.0000	0.0405
ACGTG	0	19	0.0000	0.1099
acgcg	1623	0	0.0889	0.0000
acgct	2150	0	0.1177	0.0000
AGGGG	0	13	0.0000	0.0752
AGTAA	0	15	0.0000	0.0867
AGGGT	0	8	0.0000	0.0463
cggaa	1349	0	0.0739	0.0000
gcttt	3805	0	0.2084	0.0000
caagg	2003	0	0.1097	0.0000
ggcgc	1974	0	0.1081	0.0000
ggcga	2535	0	0.1388	0.0000
cggac	543	0	0.0297	0.0000
AGCCC	0	14	0.0000	0.0809
cggag	671	0	0.0367	0.0000
AGCCA	0	15	0.0000	0.0867
cctga	1329	0	0.0728	0.0000
caagt	2090	0	0.1145	0.0000
cctgc	1403	0	0.0768	0.0000
gcttg	3260	0	0.1785	0.0000
cctgg	427	0	0.0234	0.0000
cggat	1314	0	0.0720	0.0000
CCCTG	0	14	0.0000	0.0809
ggtgt	1896	0	0.1038	0.0000
gcttc	2264	0	0.1240	0.0000
TACGT	0	10	0.0000	0.0578
CGCGT	0	31	0.0000	0.1792
CCCTC	0	8	0.0000	0.0463
gaatt	1675	0	0.0917	0.0000
gctta	1713	0	0.0938	0.0000
CCCTA	0	13	0.0000	0.0752
gcctg	1317	0	0.0721	0.0000
AGCAT	0	22	0.0000	0.1272
AGTCG	0	19	0.0000	0.1099
TACGG	0	23	0.0000	0.1330
AGTCT	0	17	0.0000	0.0983
ggcgt	2088	0	0.1143	0.0000
TACGC	0	19	0.0000	0.1099
CCCTT	0	14	0.0000	0.0809
gccta	1025	0	0.0561	0.0000
TACGA	0	12	0.0000	0.0694
gcctc	1060	0	0.0580	0.0000
AGCAG	0	24	0.0000	0.1388
ggcgg	1786	0	0.0978	0.0000
GCAGA	0	22	0.0000	0.1272
AGTCA	0	11	0.0000	0.0636
AGTCC	0	4	0.0000	0.0231
caaga	2418	0	0.1324	0.0000
caagc	3123	0	0.1710	0.0000
ccgga	684	0	0.0375	0.0000
CGTGG	0	28	0.0000	0.1619
ccggc	749	0	0.0410	0.0000
GCAGG	0	17	0.0000	0.0983
caaaa	4396	0	0.2407	0.0000
caaac	3781	0	0.2071	0.0000
ccggg	394	0	0.0216	0.0000
TATCT	0	27	0.0000	0.1561
GCAGC	0	15	0.0000	0.0867
caaag	3480	0	0.1906	0.0000
CGTGT	0	15	0.0000	0.0867
GTGAC	0	10	0.0000	0.0578
cctaa	937	0	0.0513	0.0000
ccggt	865	0	0.0474	0.0000
GTGAA	0	19	0.0000	0.1099
TATCG	0	29	0.0000	0.1677
GCAGT	0	26	0.0000	0.1503
caaat	2938	0	0.1609	0.0000
cctac	713	0	0.0390	0.0000
TACAT	0	12	0.0000	0.0694
CAATG	0	17	0.0000	0.0983
TATCC	0	15	0.0000	0.0867
cctag	590	0	0.0323	0.0000
TATCA	0	23	0.0000	0.1330
CGTGA	0	23	0.0000	0.1330
CAATC	0	21	0.0000	0.1214
CGTGC	0	15	0.0000	0.0867
CAATA	0	18	0.0000	0.1041
GATTA	0	30	0.0000	0.1735
TACAG	0	12	0.0000	0.0694
GTGAT	0	26	0.0000	0.1503
gaatg	1981	0	0.1085	0.0000
TACAC	0	13	0.0000	0.0752
AGGCT	0	13	0.0000	0.0752
ggtgg	2324	0	0.1273	0.0000
TACAA	0	13	0.0000	0.0752
CCTTG	0	13	0.0000	0.0752
CGCGA	0	10	0.0000	0.0578
GATTG	0	32	0.0000	0.1850
CGCGC	0	22	0.0000	0.1272
ggtgc	1698	0	0.0930	0.0000
CCTTC	0	15	0.0000	0.0867
gaata	1608	0	0.0881	0.0000
CAATT	0	17	0.0000	0.0983
CCTTA	0	16	0.0000	0.0925
GATTC	0	20	0.0000	0.1156
CGCGG	0	23	0.0000	0.1330
gaatc	1758	0	0.0963	0.0000
GTGAG	0	15	0.0000	0.0867
AGGCG	0	25	0.0000	0.1446
ggtga	3034	0	0.1661	0.0000
ACCGG	0	24	0.0000	0.1388
AGGCC	0	6	0.0000	0.0347
CCTTT	0	14	0.0000	0.0809
ACCGT	0	13	0.0000	0.0752
GATTT	0	26	0.0000	0.1503
caaca	3365	0	0.1843	0.0000
CGCCT	0	11	0.0000	0.0636
cccaa	1929	0	0.1056	0.0000
caacc	2297	0	0.1258	0.0000
cccac	1209	0	0.0662	0.0000
caacg	2703	0	0.1480	0.0000
cccag	1112	0	0.0609	0.0000
AGGGC	0	20	0.0000	0.1156
AGGGA	0	16	0.0000	0.0925
GACTA	0	8	0.0000	0.0463
GTGCG	0	15	0.0000	0.0867
CGCCG	0	30	0.0000	0.1735
cctca	1237	0	0.0677	0.0000
caact	2234	0	0.1223	0.0000
cctcc	537	0	0.0294	0.0000
GTGCC	0	20	0.0000	0.1156
cccat	1411	0	0.0773	0.0000
GTGCA	0	10	0.0000	0.0578
ggtct	857	0	0.0469	0.0000
cctcg	853	0	0.0467	0.0000
TACCT	0	23	0.0000	0.1330
GACTG	0	15	0.0000	0.0867
GACTC	0	9	0.0000	0.0520
acgaa	1622	0	0.0888	0.0000
acgac	1262	0	0.0691	0.0000
TACCG	0	19	0.0000	0.1099
GTGCT	0	27	0.0000	0.1561
cctat	845	0	0.0463	0.0000
TACCC	0	14	0.0000	0.0809
TACCA	0	12	0.0000	0.0694
acgag	1178	0	0.0645	0.0000
GACTT	0	13	0.0000	0.0752
ggcct	934	0	0.0511	0.0000
ggccc	643	0	0.0352	0.0000
ggcca	2299	0	0.1259	0.0000
ggccg	1127	0	0.0617	0.0000
acgat	2028	0	0.1111	0.0000
CGTCC	0	11	0.0000	0.0636
CGCAT	0	20	0.0000	0.1156
ccgca	1705	0	0.0934	0.0000
CGTCG	0	19	0.0000	0.1099
ccgcc	1837	0	0.1006	0.0000
AAAGA	0	17	0.0000	0.0983
ccgcg	1365	0	0.0747	0.0000
AAAGC	0	17	0.0000	0.0983
CGCAC	0	20	0.0000	0.1156
gcgtt	2914	0	0.1596	0.0000
CGCAG	0	15	0.0000	0.0867
ccgct	1988	0	0.1089	0.0000
ggtat	1583	0	0.0867	0.0000
TCACT	0	14	0.0000	0.0809
CGTCA	0	17	0.0000	0.0983
ACCCT	0	14	0.0000	0.0809
ggtcg	1207	0	0.0661	0.0000
ggtcc	347	0	0.0190	0.0000
TCACG	0	19	0.0000	0.1099
CGCCA	0	13	0.0000	0.0752
ggcat	2324	0	0.1273	0.0000
TCACC	0	11	0.0000	0.0636
ggtca	1848	0	0.1012	0.0000
CGCCC	0	21	0.0000	0.1214
TCACA	0	11	0.0000	0.0636
CGTCT	0	7	0.0000	0.0405
ggcag	1876	0	0.1027	0.0000
ACCCC	0	14	0.0000	0.0809
ACCCG	0	12	0.0000	0.0694
ggcaa	3210	0	0.1758	0.0000
ggcac	1558	0	0.0853	0.0000
CGTAA	0	21	0.0000	0.1214
CGGGT	0	20	0.0000	0.1156
CGTAC	0	7	0.0000	0.0405
CGTAG	0	13	0.0000	0.0752
GGAAA	0	28	0.0000	0.1619
ACCGA	0	12	0.0000	0.0694
GGAAC	0	8	0.0000	0.0463
AGGCA	0	18	0.0000	0.1041
GGAAG	0	9	0.0000	0.0520
ACCGC	0	13	0.0000	0.0752
CGGGG	0	32	0.0000	0.1850
GTGGG	0	15	0.0000	0.0867
CCGTG	0	17	0.0000	0.0983
GTGGC	0	24	0.0000	0.1388
CCGTC	0	14	0.0000	0.0809
GTGGA	0	16	0.0000	0.0925
CCGTA	0	13	0.0000	0.0752
GGAAT	0	18	0.0000	0.1041
gcgtc	1484	0	0.0813	0.0000
AGGAT	0	16	0.0000	0.0925
ACTGG	0	22	0.0000	0.1272
gcgta	1523	0	0.0834	0.0000
GTTAG	0	15	0.0000	0.0867
gcgtg	1903	0	0.1042	0.0000
ggtag	1036	0	0.0567	0.0000
GTTAC	0	17	0.0000	0.0983
ggtaa	1945	0	0.1065	0.0000
GTTAA	0	16	0.0000	0.0925
GTGGT	0	31	0.0000	0.1792
CCGTT	0	22	0.0000	0.1272
tcgaa	1702	0	0.0932	0.0000
ggtac	930	0	0.0509	0.0000
tcgac	1787	0	0.0979	0.0000
ACTGT	0	11	0.0000	0.0636
CGCAA	0	22	0.0000	0.1272
ggggt	802	0	0.0439	0.0000
tcgag	1582	0	0.0866	0.0000
CGTAT	0	15	0.0000	0.0867
AGGAG	0	7	0.0000	0.0405
AAAGG	0	13	0.0000	0.0752
AGGAA	0	9	0.0000	0.0520
GTTAT	0	14	0.0000	0.0809
GGACA	0	11	0.0000	0.0636
AGGAC	0	10	0.0000	0.0578
ggggc	910	0	0.0498	0.0000
gggga	847	0	0.0464	0.0000
ggggg	596	0	0.0326	0.0000
AAAGT	0	12	0.0000	0.0694
ACTGC	0	22	0.0000	0.1272
ACTGA	0	23	0.0000	0.1330
GGACC	0	11	0.0000	0.0636
GGACG	0	13	0.0000	0.0752
AAACA	0	17	0.0000	0.0983
GTCAG	0	14	0.0000	0.0809
ACTAT	0	11	0.0000	0.0636
GTCAC	0	13	0.0000	0.0752
GTCAA	0	18	0.0000	0.1041
GGACT	0	13	0.0000	0.0752
ACTAA	0	15	0.0000	0.0867
ACGGT	0	22	0.0000	0.1272
GTTCG	0	18	0.0000	0.1041
AAAAT	0	18	0.0000	0.1041
GTCAT	0	19	0.0000	0.1099
ACTAC	0	6	0.0000	0.0347
GTTCC	0	16	0.0000	0.0925
GTTCA	0	14	0.0000	0.0809
ACTAG	0	6	0.0000	0.0347
CGGGA	0	19	0.0000	0.1099
CGGGC	0	32	0.0000	0.1850
AAAAC	0	16	0.0000	0.0925
ACGGC	0	26	0.0000	0.1503
AAAAA	0	12	0.0000	0.0694
AAAAG	0	10	0.0000	0.0578
ACGGG	0	23	0.0000	0.1330
GTTCT	0	11	0.0000	0.0636
TAGTT	0	12	0.0000	0.0694
CGGCT	0	38	0.0000	0.2197
ccgaa	1235	0	0.0676	0.0000
ccgac	1093	0	0.0599	0.0000
ccgag	1109	0	0.0607	0.0000
CCCGG	0	14	0.0000	0.0809
ACCCA	0	12	0.0000	0.0694
CGGCA	0	34	0.0000	0.1966
ACTCT	0	15	0.0000	0.0867
CGGCC	0	19	0.0000	0.1099
TAGTG	0	12	0.0000	0.0694
GTCCG	0	14	0.0000	0.0809
CGGCG	0	46	0.0000	0.2660
TAGTC	0	6	0.0000	0.0347
TAGTA	0	10	0.0000	0.0578
GTCCC	0	10	0.0000	0.0578
TCAAT	0	23	0.0000	0.1330
ccgat	1957	0	0.1072	0.0000
GTCCA	0	11	0.0000	0.0636
gctgt	1992	0	0.1091	0.0000
CCCGT	0	17	0.0000	0.0983
AAACT	0	16	0.0000	0.0925
ACTCC	0	9	0.0000	0.0520
gggct	1224	0	0.0670	0.0000
ACTCA	0	11	0.0000	0.0636
ACTCG	0	6	0.0000	0.0347
ACCAT	0	11	0.0000	0.0636
TCAAG	0	4	0.0000	0.0231
GTCCT	0	6	0.0000	0.0347
TCAAC	0	25	0.0000	0.1446
gccgt	1744	0	0.0955	0.0000
TCAAA	0	17	0.0000	0.0983
gggcg	1303	0	0.0714	0.0000
ACCAC	0	7	0.0000	0.0405
GGAGA	0	12	0.0000	0.0694
ACCAA	0	15	0.0000	0.0867
AAACC	0	19	0.0000	0.1099
GGAGC	0	22	0.0000	0.1272
ACCAG	0	15	0.0000	0.0867
AAACG	0	19	0.0000	0.1099
gccga	1924	0	0.1054	0.0000
gccgc	2195	0	0.1202	0.0000
gggcc	567	0	0.0310	0.0000
gggca	1580	0	0.0865	0.0000
gccgg	693	0	0.0379	0.0000
ttgtg	2255	0	0.1235	0.0000
cgacg	1405	0	0.0769	0.0000
gtttt	3881	0	0.2125	0.0000
CCAAG	0	11	0.0000	0.0636
ttgta	1464	0	0.0802	0.0000
CCAAC	0	13	0.0000	0.0752
cgact	1157	0	0.0634	0.0000
ttgtc	2265	0	0.1240	0.0000
CCAAA	0	12	0.0000	0.0694
ctcag	1589	0	0.0870	0.0000
CAGTG	0	18	0.0000	0.1041
GGGTG	0	20	0.0000	0.1156
GTAAG	0	18	0.0000	0.1041
CAGTC	0	22	0.0000	0.1272
AATCT	0	12	0.0000	0.0694
CAGTA	0	16	0.0000	0.0925
GTAAC	0	19	0.0000	0.1099
acagg	981	0	0.0537	0.0000
ggatt	1657	0	0.0907	0.0000
TGTGA	0	16	0.0000	0.0925
ctcaa	2913	0	0.1595	0.0000
GTAAA	0	11	0.0000	0.0636
CCAAT	0	19	0.0000	0.1099
acaga	1315	0	0.0720	0.0000
TGTGC	0	19	0.0000	0.1099
ctcac	1769	0	0.0969	0.0000
GGGTA	0	16	0.0000	0.0925
acagc	1915	0	0.1049	0.0000
GGGTC	0	12	0.0000	0.0694
cttag	1004	0	0.0550	0.0000
TGTGG	0	28	0.0000	0.1619
AATCA	0	21	0.0000	0.1214
AACAT	0	19	0.0000	0.1099
AATCC	0	17	0.0000	0.0983
CAGTT	0	12	0.0000	0.0694
GTAAT	0	19	0.0000	0.1099
acagt	1248	0	0.0683	0.0000
cttaa	1444	0	0.0791	0.0000
ctggt	1711	0	0.0937	0.0000
AATCG	0	24	0.0000	0.1388
cttac	1274	0	0.0698	0.0000
GGGTT	0	12	0.0000	0.0694
TGTGT	0	29	0.0000	0.1677
CCACA	0	8	0.0000	0.0463
AACAA	0	19	0.0000	0.1099
gttta	2038	0	0.1116	0.0000
gtttc	2248	0	0.1231	0.0000
atgag	1725	0	0.0945	0.0000
AACAC	0	2	0.0000	0.0116
cgaca	1994	0	0.1092	0.0000
atgaa	2753	0	0.1508	0.0000
gtttg	3813	0	0.2088	0.0000
atgac	1872	0	0.1025	0.0000
AACAG	0	14	0.0000	0.0809
cgacc	1188	0	0.0651	0.0000
ttgtt	3618	0	0.1981	0.0000
cttat	1371	0	0.0751	0.0000
aattg	2450	0	0.1342	0.0000
aatta	1379	0	0.0755	0.0000
aattc	1631	0	0.0893	0.0000
TCTTG	0	17	0.0000	0.0983
atgat	2623	0	0.1436	0.0000
TAATT	0	14	0.0000	0.0809
TCTTC	0	29	0.0000	0.1677
TCTTA	0	15	0.0000	0.0867
TGCCA	0	23	0.0000	0.1330
aattt	2746	0	0.1504	0.0000
TGCCC	0	14	0.0000	0.0809
TGCCG	0	26	0.0000	0.1503
GTACG	0	14	0.0000	0.0809
ctcca	1105	0	0.0605	0.0000
TAATG	0	17	0.0000	0.0983
ctccc	604	0	0.0331	0.0000
GTACC	0	17	0.0000	0.0983
GTACA	0	13	0.0000	0.0752
TAATC	0	18	0.0000	0.1041
ctccg	698	0	0.0382	0.0000
TAATA	0	13	0.0000	0.0752
TGCCT	0	21	0.0000	0.1214
AACCT	0	15	0.0000	0.0867
cttca	2666	0	0.1460	0.0000
cttcc	1526	0	0.0836	0.0000
GTACT	0	20	0.0000	0.1156
ggatc	1125	0	0.0616	0.0000
ctcat	1761	0	0.0964	0.0000
cttcg	1770	0	0.0969	0.0000
ggatg	1612	0	0.0883	0.0000
AACCC	0	16	0.0000	0.0925
aactg	2519	0	0.1379	0.0000
AACCA	0	13	0.0000	0.0752
aacta	865	0	0.0474	0.0000
ggata	1157	0	0.0634	0.0000
atgcg	1990	0	0.1090	0.0000
AACCG	0	16	0.0000	0.0925
aactc	2022	0	0.1107	0.0000
atgcc	2318	0	0.1269	0.0000
cttct	2246	0	0.1230	0.0000
atgca	1699	0	0.0930	0.0000
aagtt	2106	0	0.1153	0.0000
TCGTT	0	18	0.0000	0.1041
ttcgt	1657	0	0.0907	0.0000
CACGG	0	19	0.0000	0.1099
CACGC	0	21	0.0000	0.1214
TGCAA	0	11	0.0000	0.0636
TGCAC	0	11	0.0000	0.0636
TCGTG	0	20	0.0000	0.1156
TGCAG	0	20	0.0000	0.1156
acaca	1392	0	0.0762	0.0000
TCGTC	0	8	0.0000	0.0463
acacc	1994	0	0.1092	0.0000
TCGTA	0	14	0.0000	0.0809
ttcgg	1330	0	0.0728	0.0000
CACGT	0	14	0.0000	0.0809
TGTCA	0	12	0.0000	0.0694
TGTCC	0	13	0.0000	0.0752
TGCAT	0	17	0.0000	0.0983
TGTCG	0	15	0.0000	0.0867
cactt	2664	0	0.1459	0.0000
acacg	1153	0	0.0631	0.0000
ctgct	2333	0	0.1278	0.0000
TGTCT	0	15	0.0000	0.0867
acact	1351	0	0.0740	0.0000
cgaag	1647	0	0.0902	0.0000
GTAGA	0	13	0.0000	0.0752
TGGGA	0	14	0.0000	0.0809
TGGGC	0	15	0.0000	0.0867
cgaat	1618	0	0.0886	0.0000
TGGGG	0	27	0.0000	0.1561
AATAT	0	26	0.0000	0.1503
CATGG	0	20	0.0000	0.1156
ctgga	1265	0	0.0693	0.0000
ctggc	2440	0	0.1336	0.0000
GTAGG	0	5	0.0000	0.0289
CATGC	0	23	0.0000	0.1330
CATGA	0	22	0.0000	0.1272
ctggg	1127	0	0.0617	0.0000
GTAGC	0	9	0.0000	0.0520
TGTAA	0	9	0.0000	0.0520
TGGGT	0	13	0.0000	0.0752
TGTAC	0	22	0.0000	0.1272
AATAC	0	12	0.0000	0.0694
gtgta	1005	0	0.0550	0.0000
TGTAG	0	7	0.0000	0.0405
AATAA	0	22	0.0000	0.1272
AAGGT	0	7	0.0000	0.0405
gtgtc	1139	0	0.0624	0.0000
AATAG	0	12	0.0000	0.0694
GGTTC	0	17	0.0000	0.0983
GGTTA	0	14	0.0000	0.0809
gtgtg	1483	0	0.0812	0.0000
GGTTG	0	20	0.0000	0.1156
CATGT	0	15	0.0000	0.0867
GTAGT	0	7	0.0000	0.0405
CACGA	0	20	0.0000	0.1156
AAGGC	0	12	0.0000	0.0694
AAGGA	0	7	0.0000	0.0405
TGTAT	0	15	0.0000	0.0867
AAGGG	0	19	0.0000	0.1099
gtgtt	2257	0	0.1236	0.0000
cgaac	1383	0	0.0757	0.0000
cgaaa	2213	0	0.1212	0.0000
GGTTT	0	20	0.0000	0.1156
ccagg	407	0	0.0223	0.0000
CACCG	0	14	0.0000	0.0809
ttcta	1361	0	0.0745	0.0000
ttctc	2109	0	0.1155	0.0000
CACCC	0	8	0.0000	0.0463
CACCA	0	15	0.0000	0.0867
ttctg	2174	0	0.1191	0.0000
ccagt	2017	0	0.1105	0.0000
ctgac	1550	0	0.0849	0.0000
ctgag	1611	0	0.0882	0.0000
CACCT	0	5	0.0000	0.0289
TTACA	0	20	0.0000	0.1156
GGCTA	0	16	0.0000	0.0925
GGCTC	0	12	0.0000	0.0694
ctgaa	1939	0	0.1062	0.0000
GGCTG	0	45	0.0000	0.2602
TTACG	0	28	0.0000	0.1619
TTACC	0	26	0.0000	0.1503
AAGAT	0	13	0.0000	0.0752
GGCTT	0	32	0.0000	0.1850
TTACT	0	17	0.0000	0.0983
AAGAA	0	20	0.0000	0.1156
ccaga	1632	0	0.0894	0.0000
ttctt	3034	0	0.1661	0.0000
AAGAC	0	3	0.0000	0.0173
ccagc	2417	0	0.1324	0.0000
AAGAG	0	17	0.0000	0.0983
CACAG	0	20	0.0000	0.1156
CACAC	0	8	0.0000	0.0463
CACAA	0	11	0.0000	0.0636
cacta	1094	0	0.0599	0.0000
ctgcg	2029	0	0.1111	0.0000
cactc	1617	0	0.0885	0.0000
CATCG	0	17	0.0000	0.0983
CACAT	0	11	0.0000	0.0636
cactg	2404	0	0.1316	0.0000
CATCC	0	8	0.0000	0.0463
acaaa	3135	0	0.1717	0.0000
CATCA	0	19	0.0000	0.1099
ctgca	1905	0	0.1043	0.0000
ctgcc	1873	0	0.1026	0.0000
acaag	1904	0	0.1043	0.0000
ctgat	2206	0	0.1208	0.0000
TGGTA	0	21	0.0000	0.1214
TTAAG	0	22	0.0000	0.1272
gtcgt	1295	0	0.0709	0.0000
TGGTC	0	34	0.0000	0.1966
catta	1778	0	0.0974	0.0000
acaac	2241	0	0.1227	0.0000
cattc	2007	0	0.1099	0.0000
TTAAC	0	17	0.0000	0.0983
TGGTG	0	28	0.0000	0.1619
TTAAA	0	20	0.0000	0.1156
cattg	3391	0	0.1857	0.0000
CATCT	0	15	0.0000	0.0867
AAGCT	0	25	0.0000	0.1446
aagta	1450	0	0.0794	0.0000
aagtc	1386	0	0.0759	0.0000
TTAAT	0	14	0.0000	0.0809
TGGTT	0	27	0.0000	0.1561
AAGCC	0	14	0.0000	0.0809
cattt	2910	0	0.1594	0.0000
acaat	1830	0	0.1002	0.0000
AAGCA	0	14	0.0000	0.0809
AAGCG	0	30	0.0000	0.1735
aagtg	2664	0	0.1459	0.0000
ccacc	2317	0	0.1269	0.0000
ccacg	1510	0	0.0827	0.0000
CAGGG	0	12	0.0000	0.0694
TCCTT	0	9	0.0000	0.0520
CAGGC	0	21	0.0000	0.1214
CAGGA	0	14	0.0000	0.0809
gtcga	1750	0	0.0958	0.0000
CATAG	0	13	0.0000	0.0752
ccact	2031	0	0.1112	0.0000
gtcgc	1661	0	0.0910	0.0000
CATAC	0	10	0.0000	0.0578
gtcgg	1194	0	0.0654	0.0000
TCCTG	0	14	0.0000	0.0809
CATAA	0	10	0.0000	0.0578
CAGGT	0	7	0.0000	0.0405
gcatt	2558	0	0.1401	0.0000
TCCTC	0	10	0.0000	0.0578
TCCTA	0	11	0.0000	0.0636
gttga	3076	0	0.1684	0.0000
gttgc	2546	0	0.1394	0.0000
gttgg	2831	0	0.1550	0.0000
CATAT	0	17	0.0000	0.0983
tgata	1967	0	0.1077	0.0000
cagtt	2464	0	0.1349	0.0000
aatga	2649	0	0.1451	0.0000
tgatc	2891	0	0.1583	0.0000
aatgg	2852	0	0.1562	0.0000
aatgc	2602	0	0.1425	0.0000
gttgt	2280	0	0.1249	0.0000
TCTTT	0	16	0.0000	0.0925
ccaca	1918	0	0.1050	0.0000
ggaga	1053	0	0.0577	0.0000
aatgt	1958	0	0.1072	0.0000
ggagc	827	0	0.0453	0.0000
TGCGA	0	15	0.0000	0.0867
TGCGC	0	21	0.0000	0.1214
TGCGG	0	25	0.0000	0.1446
tgatg	4021	0	0.2202	0.0000
aacga	2055	0	0.1125	0.0000
aacgc	2962	0	0.1622	0.0000
tgatt	3303	0	0.1809	0.0000
TGCGT	0	19	0.0000	0.1099
gcatg	1753	0	0.0960	0.0000
gtcct	491	0	0.0269	0.0000
aacgg	1847	0	0.1011	0.0000
gcata	1103	0	0.0604	0.0000
ttttt	4822	0	0.2641	0.0000
gcatc	2452	0	0.1343	0.0000
aacgt	1946	0	0.1066	0.0000
ggagt	711	0	0.0389	0.0000
tttta	2722	0	0.1491	0.0000
ttttc	3823	0	0.2094	0.0000
ggagg	464	0	0.0254	0.0000
ttttg	4407	0	0.2413	0.0000
ttgct	3754	0	0.2056	0.0000
CAGCG	0	28	0.0000	0.1619
tactt	1494	0	0.0818	0.0000
CAGCC	0	19	0.0000	0.1099
cgata	2088	0	0.1143	0.0000
CAGCA	0	24	0.0000	0.1388
cgatc	1980	0	0.1084	0.0000
cgatg	3120	0	0.1709	0.0000
tacta	605	0	0.0331	0.0000
ttgcg	2708	0	0.1483	0.0000
CAGCT	0	17	0.0000	0.0983
tactc	1173	0	0.0642	0.0000
tactg	1462	0	0.0801	0.0000
ttgca	2546	0	0.1394	0.0000
cgatt	2740	0	0.1500	0.0000
ttgcc	3178	0	0.1740	0.0000
TGTTT	0	18	0.0000	0.1041
CAGAG	0	13	0.0000	0.0752
CAGAC	0	13	0.0000	0.0752
CAGAA	0	14	0.0000	0.0809
ctttt	3198	0	0.1751	0.0000
CAGAT	0	20	0.0000	0.1156
ctcta	1154	0	0.0632	0.0000
TGCTA	0	9	0.0000	0.0520
TGCTC	0	19	0.0000	0.1099
tgaac	2344	0	0.1284	0.0000
TGCTG	0	54	0.0000	0.3122
tgaag	2697	0	0.1477	0.0000
GTATG	0	20	0.0000	0.1156
GTATC	0	24	0.0000	0.1388
GTATA	0	14	0.0000	0.0809
TGCTT	0	22	0.0000	0.1272
cttta	2222	0	0.1217	0.0000
ctttc	2527	0	0.1384	0.0000
GTATT	0	12	0.0000	0.0694
tgaaa	3354	0	0.1837	0.0000
ctttg	3647	0	0.1997	0.0000
atcct	963	0	0.0527	0.0000
agagc	1983	0	0.1086	0.0000
agaga	1928	0	0.1056	0.0000
TTAGC	0	14	0.0000	0.0809
agagg	1112	0	0.0609	0.0000
TTAGA	0	12	0.0000	0.0694
ctgtg	1324	0	0.0725	0.0000
tcagg	1236	0	0.0677	0.0000
TTAGG	0	10	0.0000	0.0578
TTAGT	0	12	0.0000	0.0694
acata	903	0	0.0494	0.0000
ctgta	859	0	0.0470	0.0000
acatc	2247	0	0.1230	0.0000
ctgtc	1143	0	0.0626	0.0000
tcagt	1973	0	0.1080	0.0000
agagt	1348	0	0.0738	0.0000
TGTTA	0	21	0.0000	0.1214
attgc	2851	0	0.1561	0.0000
TGTTC	0	14	0.0000	0.0809
TGTTG	0	18	0.0000	0.1041
attga	3420	0	0.1873	0.0000
acatg	1350	0	0.0739	0.0000
acatt	1873	0	0.1026	0.0000
tcaga	1448	0	0.0793	0.0000
ctgtt	2345	0	0.1284	0.0000
tcagc	2724	0	0.1492	0.0000
ttgat	4394	0	0.2406	0.0000
attgt	1975	0	0.1082	0.0000
tatta	1163	0	0.0637	0.0000
tattc	1724	0	0.0944	0.0000
tattg	2597	0	0.1422	0.0000
attgg	3096	0	0.1695	0.0000
ttgac	1884	0	0.1032	0.0000
ttgag	2879	0	0.1577	0.0000
ATATT	0	18	0.0000	0.1041
ATATG	0	20	0.0000	0.1156
ttgaa	3588	0	0.1965	0.0000
ATATA	0	12	0.0000	0.0694
atcgc	3379	0	0.1850	0.0000
ATATC	0	31	0.0000	0.1792
atcga	2779	0	0.1522	0.0000
atcgt	2042	0	0.1118	0.0000
tattt	2464	0	0.1349	0.0000
atcgg	1919	0	0.1051	0.0000
attag	900	0	0.0493	0.0000
ttcct	1312	0	0.0718	0.0000
attaa	1929	0	0.1056	0.0000
atggt	2504	0	0.1371	0.0000
attac	1567	0	0.0858	0.0000
agacg	1073	0	0.0588	0.0000
ttcca	2251	0	0.1233	0.0000
attat	1409	0	0.0772	0.0000
ttccc	1141	0	0.0625	0.0000
agacc	863	0	0.0473	0.0000
agaca	1419	0	0.0777	0.0000
ttccg	1307	0	0.0716	0.0000
TTATA	0	11	0.0000	0.0636
tgagt	2148	0	0.1176	0.0000
agact	728	0	0.0399	0.0000
tcata	1247	0	0.0683	0.0000
attca	2399	0	0.1314	0.0000
TTATG	0	22	0.0000	0.1272
TTATC	0	25	0.0000	0.1446
tgagc	2786	0	0.1526	0.0000
tgaga	1726	0	0.0945	0.0000
atcag	2219	0	0.1215	0.0000
tgagg	1278	0	0.0700	0.0000
atcaa	4326	0	0.2369	0.0000
atcac	2954	0	0.1618	0.0000
tcatt	2686	0	0.1471	0.0000
attcg	1677	0	0.0918	0.0000
tttgc	4039	0	0.2212	0.0000
attcc	1412	0	0.0773	0.0000
tttgg	3779	0	0.2069	0.0000
atcat	2630	0	0.1440	0.0000
tcatc	3286	0	0.1799	0.0000
tcatg	1985	0	0.1087	0.0000
tttga	3814	0	0.2089	0.0000
attct	1629	0	0.0892	0.0000
atcca	2145	0	0.1175	0.0000
ttcga	1704	0	0.0933	0.0000
ttcgc	2430	0	0.1331	0.0000
tttgt	3326	0	0.1821	0.0000
atccg	1284	0	0.0703	0.0000
atccc	1118	0	0.0612	0.0000
tttag	1515	0	0.0830	0.0000
aactt	2080	0	0.1139	0.0000
atgct	1821	0	0.0997	0.0000
GAGAC	0	14	0.0000	0.0809
CTATC	0	14	0.0000	0.0809
cgagt	1431	0	0.0784	0.0000
GAGAA	0	26	0.0000	0.1503
CTATA	0	11	0.0000	0.0636
ttggt	4032	0	0.2208	0.0000
tttaa	2479	0	0.1358	0.0000
tttac	2104	0	0.1152	0.0000
ccata	1330	0	0.0728	0.0000
ccatc	2773	0	0.1519	0.0000
tgaat	2430	0	0.1331	0.0000
cttga	2408	0	0.1319	0.0000
GAGAG	0	30	0.0000	0.1735
ccatg	1944	0	0.1065	0.0000
cttgc	2783	0	0.1524	0.0000
ttgga	1925	0	0.1054	0.0000
ttggc	4554	0	0.2494	0.0000
ttggg	1895	0	0.1038	0.0000
tgacg	2180	0	0.1194	0.0000
AGCTG	0	21	0.0000	0.1214
GAGAT	0	18	0.0000	0.1041
CTATT	0	16	0.0000	0.0925
AGCTT	0	19	0.0000	0.1099
ctcct	724	0	0.0396	0.0000
tgact	1411	0	0.0773	0.0000
cgaga	1447	0	0.0792	0.0000
CTATG	0	13	0.0000	0.0752
AGCTC	0	19	0.0000	0.1099
cgagc	1832	0	0.1003	0.0000
tgacc	1822	0	0.0998	0.0000
tttat	2739	0	0.1500	0.0000
cgagg	849	0	0.0465	0.0000
tgaca	1636	0	0.0896	0.0000
AGCTA	0	7	0.0000	0.0405
tttcg	2262	0	0.1239	0.0000
ctcga	1554	0	0.0851	0.0000
ctcgc	1707	0	0.0935	0.0000
GAGCC	0	17	0.0000	0.0983
tttca	3608	0	0.1976	0.0000
GAGCA	0	21	0.0000	0.1214
tttcc	2024	0	0.1108	0.0000
ttcat	2899	0	0.1588	0.0000
ttcag	2039	0	0.1117	0.0000
ctcgt	1192	0	0.0653	0.0000
GAGCG	0	26	0.0000	0.1503
GAGCT	0	17	0.0000	0.0983
agaac	1517	0	0.0831	0.0000
ttcaa	3563	0	0.1951	0.0000
ctcgg	1165	0	0.0638	0.0000
agaaa	3348	0	0.1833	0.0000
ttcac	2599	0	0.1423	0.0000
ccatt	2988	0	0.1636	0.0000
gtcta	741	0	0.0406	0.0000
atgga	1671	0	0.0915	0.0000
gtctc	904	0	0.0495	0.0000
agaag	2212	0	0.1211	0.0000
gtctg	1125	0	0.0616	0.0000
agaat	1592	0	0.0872	0.0000
cttgg	2740	0	0.1500	0.0000
gtctt	1423	0	0.0779	0.0000
cttgt	2024	0	0.1108	0.0000
atggg	1502	0	0.0823	0.0000
tttct	3297	0	0.1805	0.0000
atggc	3188	0	0.1746	0.0000
atatt	1959	0	0.1073	0.0000
CTCTA	0	11	0.0000	0.0636
cagaa	2148	0	0.1176	0.0000
cagac	1115	0	0.0611	0.0000
atatg	1115	0	0.0611	0.0000
cagag	1596	0	0.0874	0.0000
CTTTT	0	13	0.0000	0.0752
tacct	1189	0	0.0651	0.0000
cagat	1622	0	0.0888	0.0000
gcaat	2842	0	0.1556	0.0000
gagta	1170	0	0.0641	0.0000
gagtc	909	0	0.0498	0.0000
CTCTT	0	18	0.0000	0.1041
gcaag	2674	0	0.1464	0.0000
CTCTG	0	19	0.0000	0.1099
CTCTC	0	16	0.0000	0.0925
gcaaa	3937	0	0.2156	0.0000
gcaac	2501	0	0.1370	0.0000
CGATG	0	13	0.0000	0.0752
GCGAA	0	22	0.0000	0.1272
tatgt	924	0	0.0506	0.0000
GCGAC	0	12	0.0000	0.0694
cagca	3525	0	0.1930	0.0000
cagcc	1700	0	0.0931	0.0000
CGATT	0	26	0.0000	0.1503
cagcg	2599	0	0.1423	0.0000
ATGTT	0	20	0.0000	0.1156
tatga	1200	0	0.0657	0.0000
tatgc	1050	0	0.0575	0.0000
GCGAT	0	17	0.0000	0.0983
tatgg	1370	0	0.0750	0.0000
ATGTC	0	12	0.0000	0.0694
GCGAG	0	25	0.0000	0.1446
cagct	1802	0	0.0987	0.0000
ATGTA	0	11	0.0000	0.0636
CGATA	0	12	0.0000	0.0694
ATGTG	0	20	0.0000	0.1156
CGATC	0	14	0.0000	0.0809
tacga	1076	0	0.0589	0.0000
CTTTG	0	16	0.0000	0.0925
tacgc	1502	0	0.0823	0.0000
CTTTC	0	16	0.0000	0.0925
tacgg	898	0	0.0492	0.0000
CTTTA	0	27	0.0000	0.1561
GCGCA	0	26	0.0000	0.1503
GCGCC	0	16	0.0000	0.0925
GCGCG	0	32	0.0000	0.1850
tatat	714	0	0.0391	0.0000
GCGCT	0	24	0.0000	0.1388
ATTGT	0	20	0.0000	0.1156
tataa	872	0	0.0478	0.0000
taggt	879	0	0.0481	0.0000
tatac	554	0	0.0303	0.0000
ATTGG	0	11	0.0000	0.0636
tatag	587	0	0.0321	0.0000
gatgt	2200	0	0.1205	0.0000
ATTGA	0	20	0.0000	0.1156
ACATG	0	12	0.0000	0.0694
tacaa	1399	0	0.0766	0.0000
ATTGC	0	18	0.0000	0.1041
tacac	976	0	0.0534	0.0000
tacag	874	0	0.0479	0.0000
ACATT	0	20	0.0000	0.1156
gacgt	1151	0	0.0630	0.0000
gacgg	1132	0	0.0620	0.0000
gacga	1607	0	0.0880	0.0000
gacgc	1430	0	0.0783	0.0000
AGAGT	0	11	0.0000	0.0636
ACATC	0	9	0.0000	0.0520
ACATA	0	11	0.0000	0.0636
tatct	1472	0	0.0806	0.0000
tatca	1984	0	0.1086	0.0000
tatcc	1153	0	0.0631	0.0000
tacat	1032	0	0.0565	0.0000
tatcg	2182	0	0.1195	0.0000
gatgg	2730	0	0.1495	0.0000
tacca	1806	0	0.0989	0.0000
taccc	1090	0	0.0597	0.0000
ATCGT	0	20	0.0000	0.1156
taccg	1455	0	0.0797	0.0000
ATCGG	0	30	0.0000	0.1735
gatga	3148	0	0.1724	0.0000
gatgc	2472	0	0.1354	0.0000
atatc	1735	0	0.0950	0.0000
ATCGA	0	21	0.0000	0.1214
atata	683	0	0.0374	0.0000
ATCGC	0	12	0.0000	0.0694
GAAAA	0	16	0.0000	0.0925
GCGGG	0	21	0.0000	0.1214
ATTCT	0	22	0.0000	0.1272
tagtt	909	0	0.0498	0.0000
GAAAG	0	24	0.0000	0.1388
GCGGA	0	28	0.0000	0.1619
GAAAC	0	18	0.0000	0.1041
GCGGC	0	41	0.0000	0.2371
GCTAA	0	12	0.0000	0.0694
GCGGT	0	31	0.0000	0.1792
gatct	1767	0	0.0968	0.0000
GCTAC	0	10	0.0000	0.0578
tcaat	3427	0	0.1877	0.0000
GCTAG	0	7	0.0000	0.0405
tagta	594	0	0.0325	0.0000
ATCAT	0	20	0.0000	0.1156
tagtc	662	0	0.0363	0.0000
ATTCC	0	20	0.0000	0.1156
tagtg	1103	0	0.0604	0.0000
GAAAT	0	28	0.0000	0.1619
ATTCG	0	17	0.0000	0.0983
tcaca	1665	0	0.0912	0.0000
CTGTT	0	17	0.0000	0.0983
gacct	856	0	0.0469	0.0000
tcacc	3133	0	0.1716	0.0000
GCTAT	0	13	0.0000	0.0752
ATTCA	0	21	0.0000	0.1214
tcacg	1804	0	0.0988	0.0000
ATCAC	0	14	0.0000	0.0809
ctatg	931	0	0.0510	0.0000
ATCAA	0	24	0.0000	0.1388
ATCAG	0	25	0.0000	0.1446
gaccc	636	0	0.0348	0.0000
CTGTC	0	17	0.0000	0.0983
gaccg	919	0	0.0503	0.0000
CTGTA	0	9	0.0000	0.0520
ctatt	1416	0	0.0775	0.0000
AGACT	0	8	0.0000	0.0463
gacca	1820	0	0.0997	0.0000
CTGTG	0	16	0.0000	0.0925
AGAGA	0	33	0.0000	0.1908
GCCAA	0	19	0.0000	0.1099
GAACC	0	13	0.0000	0.0752
AGAGC	0	15	0.0000	0.0867
GAACA	0	16	0.0000	0.0925
GCCAG	0	29	0.0000	0.1677
GAACG	0	14	0.0000	0.0809
AGAGG	0	9	0.0000	0.0520
GCCAC	0	10	0.0000	0.0578
GCTCC	0	12	0.0000	0.0694
tcact	2552	0	0.1397	0.0000
gatat	1717	0	0.0940	0.0000
GCTCG	0	20	0.0000	0.1156
TCGAT	0	13	0.0000	0.0752
gatag	1431	0	0.0784	0.0000
ATCCT	0	15	0.0000	0.0867
GCCAT	0	11	0.0000	0.0636
GCTCA	0	19	0.0000	0.1099
GAACT	0	18	0.0000	0.1041
gatca	2892	0	0.1584	0.0000
GCTCT	0	21	0.0000	0.1214
TCGAG	0	14	0.0000	0.0809
gatcc	1195	0	0.0654	0.0000
gacat	1540	0	0.0843	0.0000
TCGAC	0	15	0.0000	0.0867
gatcg	1969	0	0.1078	0.0000
TCGAA	0	14	0.0000	0.0809
ATCCC	0	13	0.0000	0.0752
ATCCG	0	17	0.0000	0.0983
gacaa	2074	0	0.1136	0.0000
gacac	1123	0	0.0615	0.0000
ATCCA	0	6	0.0000	0.0347
gacag	1124	0	0.0616	0.0000
GCCCC	0	15	0.0000	0.0867
GCCCA	0	14	0.0000	0.0809
CTCGG	0	19	0.0000	0.1099
agttg	2229	0	0.1221	0.0000
AGAAC	0	16	0.0000	0.0925
CTCGT	0	4	0.0000	0.0231
agttt	2444	0	0.1338	0.0000
GCCCG	0	19	0.0000	0.1099
AGAAA	0	24	0.0000	0.1388
tacgt	944	0	0.0517	0.0000
CTCGC	0	13	0.0000	0.0752
CTCGA	0	12	0.0000	0.0694
GCCCT	0	12	0.0000	0.0694
gataa	2203	0	0.1206	0.0000
gaggt	1091	0	0.0597	0.0000
gatac	1309	0	0.0717	0.0000
agctc	1810	0	0.0991	0.0000
agcta	957	0	0.0524	0.0000
gaggc	1052	0	0.0576	0.0000
gaggg	647	0	0.0354	0.0000
agctg	1761	0	0.0964	0.0000
agctt	2268	0	0.1242	0.0000
gagga	921	0	0.0504	0.0000
GGGAC	0	14	0.0000	0.0809
GAAGG	0	11	0.0000	0.0636
CCATA	0	11	0.0000	0.0636
GGGAG	0	15	0.0000	0.0867
GAAGC	0	27	0.0000	0.1561
GAAGA	0	17	0.0000	0.0983
CTTGC	0	12	0.0000	0.0694
AGACG	0	15	0.0000	0.0867
CTTGA	0	9	0.0000	0.0520
AGACA	0	8	0.0000	0.0463
AGACC	0	9	0.0000	0.0520
GGGAA	0	20	0.0000	0.1156
ATTAT	0	20	0.0000	0.1156
GCTGG	0	51	0.0000	0.2949
GGGAT	0	25	0.0000	0.1446
GAAGT	0	9	0.0000	0.0520
ctata	573	0	0.0314	0.0000
ctatc	1398	0	0.0766	0.0000
ATTAC	0	26	0.0000	0.1503
GCTGA	0	36	0.0000	0.2082
ATTAA	0	15	0.0000	0.0867
ATGGT	0	27	0.0000	0.1561
CCATG	0	7	0.0000	0.0405
CGAGT	0	12	0.0000	0.0694
GCTGC	0	36	0.0000	0.2082
ATTAG	0	13	0.0000	0.0752
CCATC	0	15	0.0000	0.0867
tcaaa	3830	0	0.2097	0.0000
tcaac	2987	0	0.1636	0.0000
CTTGT	0	15	0.0000	0.0867
tcaag	2415	0	0.1322	0.0000
ATGGC	0	29	0.0000	0.1677
GCTGT	0	25	0.0000	0.1446
CCATT	0	14	0.0000	0.0809
ATGGG	0	13	0.0000	0.0752
AGAAG	0	15	0.0000	0.0867
CTTGG	0	14	0.0000	0.0809
ATGGA	0	17	0.0000	0.0983
AGAAT	0	20	0.0000	0.1156
GCCGG	0	34	0.0000	0.1966
CTCCG	0	15	0.0000	0.0867
GGGCG	0	34	0.0000	0.1966
aatat	1949	0	0.1067	0.0000
GCCGC	0	22	0.0000	0.1272
CTCCC	0	17	0.0000	0.0983
AATTT	0	25	0.0000	0.1446
GCCGA	0	18	0.0000	0.1041
CTCCA	0	12	0.0000	0.0694
TCTAT	0	18	0.0000	0.1041
GGGCA	0	25	0.0000	0.1446
GGGCC	0	17	0.0000	0.0983
AATTC	0	14	0.0000	0.0809
GGGCT	0	18	0.0000	0.1041
AATTA	0	18	0.0000	0.1041
GCCGT	0	20	0.0000	0.1156
TCTAG	0	13	0.0000	0.0752
gtcca	990	0	0.0542	0.0000
AATTG	0	10	0.0000	0.0578
gtccc	388	0	0.0212	0.0000
TCTAC	0	14	0.0000	0.0809
TAAAT	0	19	0.0000	0.1099
TCTAA	0	5	0.0000	0.0289
TCGGT	0	19	0.0000	0.1099
gtccg	549	0	0.0301	0.0000
ATGAT	0	29	0.0000	0.1677
aacac	2305	0	0.1262	0.0000
ATGAG	0	13	0.0000	0.0752
gttca	2446	0	0.1339	0.0000
TAAAG	0	11	0.0000	0.0636
gttcc	1057	0	0.0579	0.0000
CGAGA	0	22	0.0000	0.1272
aacaa	3463	0	0.1896	0.0000
TCGGG	0	28	0.0000	0.1619
gtcat	1916	0	0.1049	0.0000
TAAAC	0	14	0.0000	0.0809
CGAGC	0	20	0.0000	0.1156
gttcg	1418	0	0.0777	0.0000
TAAAA	0	13	0.0000	0.0752
TCGGC	0	36	0.0000	0.2082
CGAGG	0	22	0.0000	0.1272
aacag	2210	0	0.1210	0.0000
ATGAC	0	11	0.0000	0.0636
TCGGA	0	10	0.0000	0.0578
ATGAA	0	32	0.0000	0.1850
aatcc	1595	0	0.0873	0.0000
aacat	2124	0	0.1163	0.0000
CTCCT	0	6	0.0000	0.0347
aatca	3097	0	0.1696	0.0000
gttct	1496	0	0.0819	0.0000
aatcg	2794	0	0.1530	0.0000
ACAGT	0	12	0.0000	0.0694
ccaaa	3658	0	0.2003	0.0000
aatct	1632	0	0.0894	0.0000
ccaac	2900	0	0.1588	0.0000
CTCAC	0	13	0.0000	0.0752
ggaca	806	0	0.0441	0.0000
CTCAA	0	8	0.0000	0.0463
ccaag	2650	0	0.1451	0.0000
TCTCT	0	18	0.0000	0.1041
CTCAG	0	17	0.0000	0.0983
CGACG	0	15	0.0000	0.0867
AACTT	0	9	0.0000	0.0520
ccaat	3142	0	0.1721	0.0000
cagta	1457	0	0.0798	0.0000
TCTCG	0	11	0.0000	0.0636
gtcaa	1861	0	0.1019	0.0000
cagtc	890	0	0.0487	0.0000
TCCAT	0	13	0.0000	0.0752
gtcac	1830	0	0.1002	0.0000
TCTCC	0	22	0.0000	0.1272
TAACT	0	16	0.0000	0.0925
cagtg	2344	0	0.1284	0.0000
TCTCA	0	11	0.0000	0.0636
gtcag	1556	0	0.0852	0.0000
ATGCT	0	24	0.0000	0.1388
CGACT	0	13	0.0000	0.0752
AACTC	0	7	0.0000	0.0405
AACTA	0	10	0.0000	0.0578
aaccg	1952	0	0.1069	0.0000
ATGCG	0	23	0.0000	0.1330
CTTCT	0	26	0.0000	0.1503
AACTG	0	32	0.0000	0.1850
aacca	3226	0	0.1767	0.0000
TCCAG	0	13	0.0000	0.0752
gttaa	1951	0	0.1068	0.0000
gtggt	2491	0	0.1364	0.0000
TAACG	0	22	0.0000	0.1272
aaccc	1504	0	0.0824	0.0000
gttac	1382	0	0.0757	0.0000
ggact	532	0	0.0291	0.0000
ATGCA	0	23	0.0000	0.1330
TCCAC	0	7	0.0000	0.0405
TAACC	0	12	0.0000	0.0694
TCCAA	0	8	0.0000	0.0463
gttag	1046	0	0.0573	0.0000
TAACA	0	7	0.0000	0.0405
ATGCC	0	19	0.0000	0.1099
aacct	1554	0	0.0851	0.0000
CTTCG	0	21	0.0000	0.1214
CTCAT	0	14	0.0000	0.0809
CTTCC	0	17	0.0000	0.0983
CTTCA	0	18	0.0000	0.1041
ggacc	360	0	0.0197	0.0000
gttat	1661	0	0.0910	0.0000
ggacg	652	0	0.0357	0.0000
CTGGG	0	22	0.0000	0.1272
CGAAT	0	15	0.0000	0.0867
CTGGC	0	42	0.0000	0.2428
CTGGA	0	21	0.0000	0.1214
ttatc	2303	0	0.1261	0.0000
GGGGA	0	25	0.0000	0.1446
GGGGC	0	27	0.0000	0.1561
ttatg	1430	0	0.0783	0.0000
GGGGG	0	28	0.0000	0.1619
catga	1993	0	0.1091	0.0000
GGTAG	0	5	0.0000	0.0289
GCGTA	0	21	0.0000	0.1214
catgc	1720	0	0.0942	0.0000
GCGTC	0	25	0.0000	0.1446
CGAAG	0	14	0.0000	0.0809
gtgga	1558	0	0.0853	0.0000
ttata	920	0	0.0504	0.0000
catgg	1922	0	0.1053	0.0000
TCGCT	0	18	0.0000	0.1041
GCGTG	0	25	0.0000	0.1446
gtggc	2447	0	0.1340	0.0000
gtggg	1204	0	0.0659	0.0000
GGTAC	0	15	0.0000	0.0867
GGGGT	0	20	0.0000	0.1156
GGTAA	0	22	0.0000	0.1272
CTTAT	0	21	0.0000	0.1214
ACACT	0	7	0.0000	0.0405
GCGTT	0	32	0.0000	0.1850
TCGCG	0	19	0.0000	0.1099
TCGCC	0	18	0.0000	0.1041
TCGCA	0	11	0.0000	0.0636
CGACA	0	13	0.0000	0.0752
CGACC	0	10	0.0000	0.0578
GGTAT	0	33	0.0000	0.1908
ggaat	1412	0	0.0773	0.0000
ACACG	0	14	0.0000	0.0809
CTTAC	0	12	0.0000	0.0694
CTTAA	0	17	0.0000	0.0983
CTGGT	0	31	0.0000	0.1792
ggaac	1006	0	0.0551	0.0000
ttatt	2524	0	0.1382	0.0000
ggaaa	2043	0	0.1119	0.0000
ggaag	1506	0	0.0825	0.0000
CTTAG	0	12	0.0000	0.0694
GGCAG	0	21	0.0000	0.1214
cacgc	1961	0	0.1074	0.0000
cacgg	1320	0	0.0723	0.0000
ACAGC	0	22	0.0000	0.1272
GGCAA	0	27	0.0000	0.1561
ACAGA	0	13	0.0000	0.0752
GGCAC	0	27	0.0000	0.1561
ACAGG	0	6	0.0000	0.0347
gactt	1402	0	0.0768	0.0000
cacgt	1227	0	0.0672	0.0000
GGTCG	0	24	0.0000	0.1388
GGTCA	0	24	0.0000	0.1388
GGTCC	0	13	0.0000	0.0752
GGCAT	0	27	0.0000	0.1561
catgt	1417	0	0.0776	0.0000
aaggg	1278	0	0.0700	0.0000
aagga	1120	0	0.0613	0.0000
aaggc	2281	0	0.1249	0.0000
gtgct	1844	0	0.1010	0.0000
CGAAA	0	17	0.0000	0.0983
CGAAC	0	18	0.0000	0.1041
GGTCT	0	19	0.0000	0.1099
aataa	2382	0	0.1304	0.0000
aaggt	2096	0	0.1148	0.0000
aatac	1990	0	0.1090	0.0000
aatag	1383	0	0.0757	0.0000
cacga	1361	0	0.0745	0.0000
CTGCC	0	23	0.0000	0.1330
gattt	3264	0	0.1787	0.0000
CTGCA	0	20	0.0000	0.1156
cacaa	2166	0	0.1186	0.0000
cacac	1512	0	0.0828	0.0000
GGCCA	0	18	0.0000	0.1041
GGCCC	0	11	0.0000	0.0636
cacag	1261	0	0.0691	0.0000
ACAAA	0	14	0.0000	0.0809
CTGCG	0	28	0.0000	0.1619
GGCCG	0	16	0.0000	0.0925
gattc	1775	0	0.0972	0.0000
catca	4170	0	0.2284	0.0000
gattg	2921	0	0.1600	0.0000
catcc	1572	0	0.0861	0.0000
CACTG	0	11	0.0000	0.0636
cacat	1669	0	0.0914	0.0000
gtgca	1509	0	0.0826	0.0000
catcg	3149	0	0.1724	0.0000
CACTC	0	7	0.0000	0.0405
tagct	1055	0	0.0578	0.0000
gtgcc	1545	0	0.0846	0.0000
CACTA	0	11	0.0000	0.0636
GGCCT	0	15	0.0000	0.0867
gatta	1484	0	0.0813	0.0000
TCCGT	0	16	0.0000	0.0925
gtgcg	1558	0	0.0853	0.0000
gtgag	1706	0	0.0934	0.0000
gactc	855	0	0.0468	0.0000
aagaa	3002	0	0.1644	0.0000
gactg	937	0	0.0513	0.0000
catat	1123	0	0.0615	0.0000
aagag	2298	0	0.1258	0.0000
TCCGG	0	33	0.0000	0.1908
CACTT	0	9	0.0000	0.0520
gtgat	2973	0	0.1628	0.0000
aagac	1370	0	0.0750	0.0000
gacta	651	0	0.0356	0.0000
TCCGC	0	10	0.0000	0.0578
CTGCT	0	30	0.0000	0.1735
TCCGA	0	13	0.0000	0.0752
aagat	2342	0	0.1282	0.0000
CCAGT	0	15	0.0000	0.0867
CTGAA	0	19	0.0000	0.1099
cacca	4041	0	0.2213	0.0000
GGTGA	0	19	0.0000	0.1099
caccc	1320	0	0.0723	0.0000
gcaga	2071	0	0.1134	0.0000
caccg	2315	0	0.1268	0.0000
CTGAG	0	28	0.0000	0.1619
ACACC	0	9	0.0000	0.0520
CCAGG	0	16	0.0000	0.0925
ACACA	0	11	0.0000	0.0636
CTGAC	0	18	0.0000	0.1041
GAATC	0	18	0.0000	0.1041
TGGCA	0	25	0.0000	0.1446
GAATA	0	19	0.0000	0.1099
TGGCC	0	18	0.0000	0.1041
AAGTT	0	9	0.0000	0.0520
cacct	1623	0	0.0889	0.0000
TGGCG	0	32	0.0000	0.1850
GGTGC	0	21	0.0000	0.1214
gtgaa	2537	0	0.1389	0.0000
gtgac	1727	0	0.0946	0.0000
GAATG	0	19	0.0000	0.1099
GGTGG	0	19	0.0000	0.1099
GAATT	0	19	0.0000	0.1099
aagca	2680	0	0.1468	0.0000
ACAAT	0	15	0.0000	0.0867
aagcc	2662	0	0.1458	0.0000
GCTTG	0	14	0.0000	0.0809
tagga	553	0	0.0303	0.0000
TGGCT	0	36	0.0000	0.2082
AAGTC	0	12	0.0000	0.0694
taggc	958	0	0.0525	0.0000
AAGTA	0	17	0.0000	0.0983
catct	1882	0	0.1031	0.0000
CATTG	0	17	0.0000	0.0983
AAGTG	0	11	0.0000	0.0636
taggg	672	0	0.0368	0.0000
gcagt	1914	0	0.1048	0.0000
CATTC	0	22	0.0000	0.1272
GGTGT	0	12	0.0000	0.0694
CATTA	0	8	0.0000	0.0463
GCTTA	0	19	0.0000	0.1099
aagcg	3341	0	0.1830	0.0000
GCTTC	0	24	0.0000	0.1388
GCTTT	0	29	0.0000	0.1677
ACAAC	0	11	0.0000	0.0636
GGCGA	0	31	0.0000	0.1792
GGCGC	0	34	0.0000	0.1966
ACAAG	0	12	0.0000	0.0694
gcagc	2567	0	0.1406	0.0000
CATTT	0	18	0.0000	0.1041
aagct	2070	0	0.1134	0.0000
gcagg	1404	0	0.0769	0.0000
CTGAT	0	36	0.0000	0.2082
GGCGG	0	42	0.0000	0.2428
AACGC	0	15	0.0000	0.0867
AACGA	0	23	0.0000	0.1330
GCCTC	0	14	0.0000	0.0809
GCCTA	0	8	0.0000	0.0463
AATGT	0	17	0.0000	0.0983
TGGAA	0	18	0.0000	0.1041
TGGAC	0	8	0.0000	0.0463
GGCGT	0	30	0.0000	0.1735
TCCCT	0	15	0.0000	0.0867
TGGAG	0	15	0.0000	0.0867
GCCTG	0	22	0.0000	0.1272
GCCTT	0	20	0.0000	0.1156
AATGC	0	23	0.0000	0.1330
TGGAT	0	18	0.0000	0.1041
AATGG	0	26	0.0000	0.1503
TCCCG	0	17	0.0000	0.0983
tagaa	1382	0	0.0757	0.0000
TCCCC	0	12	0.0000	0.0694
tagac	764	0	0.0418	0.0000
TCCCA	0	13	0.0000	0.0752
CCAGC	0	23	0.0000	0.1330
CCAGA	0	15	0.0000	0.0867
AATGA	0	13	0.0000	0.0752
cagga	843	0	0.0462	0.0000
caggc	1225	0	0.0671	0.0000
caggg	853	0	0.0467	0.0000
CCACG	0	17	0.0000	0.0983
TCTGT	0	12	0.0000	0.0694
CCACC	0	6	0.0000	0.0347
tagag	1167	0	0.0639	0.0000
gagtt	2059	0	0.1128	0.0000
cataa	1380	0	0.0756	0.0000
caggt	1101	0	0.0603	0.0000
catac	1091	0	0.0597	0.0000
gagtg	1509	0	0.0826	0.0000
TCTGG	0	28	0.0000	0.1619
catag	992	0	0.0543	0.0000
tagat	940	0	0.0515	0.0000
CCACT	0	8	0.0000	0.0463
TCTGC	0	21	0.0000	0.1214
TAAGT	0	19	0.0000	0.1099
TCTGA	0	18	0.0000	0.1041
AACGT	0	15	0.0000	0.0867
tagca	1041	0	0.0570	0.0000
tagcc	1189	0	0.0651	0.0000
TAAGG	0	14	0.0000	0.0809
tagcg	1419	0	0.0777	0.0000
TAAGC	0	18	0.0000	0.1041
gcact	1856	0	0.1016	0.0000
gcacg	1383	0	0.0757	0.0000
TAAGA	0	12	0.0000	0.0694
AACGG	0	26	0.0000	0.1503
gcaca	1630	0	0.0893	0.0000
gcacc	1832	0	0.1003	0.0000
CCTGA	0	24	0.0000	0.1388
tgttc	2132	0	0.1168	0.0000
tgttg	3472	0	0.1901	0.0000
CGGAT	0	18	0.0000	0.1041
GGAGT	0	6	0.0000	0.0347
GGAGG	0	15	0.0000	0.0867
CAAGG	0	7	0.0000	0.0405
TGAAA	0	17	0.0000	0.0983
cgcgt	1690	0	0.0925	0.0000
TGAAC	0	19	0.0000	0.1099
cccta	612	0	0.0335	0.0000
CGGAA	0	15	0.0000	0.0867
ccctc	663	0	0.0363	0.0000
GCATC	0	16	0.0000	0.0925
TGAAG	0	26	0.0000	0.1503
CGGAC	0	16	0.0000	0.0925
GCATA	0	16	0.0000	0.0925
ttagt	969	0	0.0531	0.0000
ccctg	856	0	0.0469	0.0000
CGGAG	0	18	0.0000	0.1041
ttagg	861	0	0.0471	0.0000
agggc	1052	0	0.0576	0.0000
CCTGG	0	15	0.0000	0.0867
aggga	771	0	0.0422	0.0000
tgtta	1318	0	0.0722	0.0000
CAAGT	0	9	0.0000	0.0520
CCTGC	0	22	0.0000	0.1272
GCATG	0	35	0.0000	0.2024
cctta	1081	0	0.0592	0.0000
TGAAT	0	22	0.0000	0.1272
TTGGG	0	19	0.0000	0.1099
ccttc	1568	0	0.0859	0.0000
GCATT	0	19	0.0000	0.1099
caatt	2451	0	0.1342	0.0000
ACGCT	0	18	0.0000	0.1041
TTGGC	0	16	0.0000	0.0925
ccttg	2167	0	0.1187	0.0000
agggg	791	0	0.0433	0.0000
TTGGA	0	5	0.0000	0.0289
GTTGG	0	12	0.0000	0.0694
agtaa	1651	0	0.0904	0.0000
agggt	814	0	0.0446	0.0000
GTTGC	0	16	0.0000	0.0925
tgctc	2597	0	0.1422	0.0000
GTTGA	0	23	0.0000	0.1330
CCTGT	0	11	0.0000	0.0636
tgcta	993	0	0.0544	0.0000
ACGCA	0	19	0.0000	0.1099
CCCGC	0	28	0.0000	0.1619
acgtc	1098	0	0.0601	0.0000
TTTAC	0	36	0.0000	0.2082
tgttt	3490	0	0.1911	0.0000
CCCGA	0	9	0.0000	0.0520
TTGGT	0	21	0.0000	0.1214
agtag	955	0	0.0523	0.0000
TTTAA	0	25	0.0000	0.1446
ccttt	2235	0	0.1224	0.0000
ACGCC	0	23	0.0000	0.1330
agtac	1029	0	0.0563	0.0000
acgta	980	0	0.0537	0.0000
cgcgc	1966	0	0.1077	0.0000
cgcga	1957	0	0.1072	0.0000
ACGCG	0	15	0.0000	0.0867
GTTGT	0	16	0.0000	0.0925
cgcgg	1322	0	0.0724	0.0000
acgtg	1160	0	0.0635	0.0000
TTTAG	0	8	0.0000	0.0463
acgtt	2042	0	0.1118	0.0000
tgctt	2770	0	0.1517	0.0000
agtat	1044	0	0.0572	0.0000
CCCCG	0	20	0.0000	0.1156
CCCCC	0	10	0.0000	0.0578
ACGGA	0	11	0.0000	0.0636
CCCCA	0	13	0.0000	0.0752
tgctg	3370	0	0.1845	0.0000
agcac	1863	0	0.1020	0.0000
GTCGG	0	24	0.0000	0.1388
agcaa	3550	0	0.1944	0.0000
CCCCT	0	8	0.0000	0.0463
GTCGC	0	20	0.0000	0.1156
GTCGA	0	15	0.0000	0.0867
ccctt	1405	0	0.0769	0.0000
agcag	2340	0	0.1281	0.0000
agtcc	522	0	0.0286	0.0000
agtca	1404	0	0.0769	0.0000
GTCGT	0	18	0.0000	0.1041
CAAGC	0	21	0.0000	0.1214
CAAGA	0	7	0.0000	0.0405
agtcg	1179	0	0.0646	0.0000
agcat	1887	0	0.1033	0.0000
agtct	745	0	0.0408	0.0000
cgccg	1750	0	0.0958	0.0000
TATTG	0	10	0.0000	0.0578
CCCAG	0	12	0.0000	0.0694
TATTC	0	24	0.0000	0.1388
CAACG	0	24	0.0000	0.1388
ttact	1730	0	0.0947	0.0000
TATTA	0	18	0.0000	0.1041
CCCAC	0	15	0.0000	0.0867
CCCAA	0	13	0.0000	0.0752
CAACC	0	16	0.0000	0.0925
CAACA	0	14	0.0000	0.0809
cgcct	1628	0	0.0892	0.0000
CCTCG	0	11	0.0000	0.0636
aggca	1775	0	0.0972	0.0000
accgc	2213	0	0.1212	0.0000
ggctt	2590	0	0.1418	0.0000
ttacc	1897	0	0.1039	0.0000
CCCAT	0	12	0.0000	0.0694
CAACT	0	8	0.0000	0.0463
CCTCC	0	7	0.0000	0.0405
ttacg	1455	0	0.0797	0.0000
CCTCA	0	11	0.0000	0.0636
accga	1928	0	0.1056	0.0000
TCAGT	0	15	0.0000	0.0867
TTGCC	0	22	0.0000	0.1272
aggcg	1575	0	0.0862	0.0000
cgtct	1124	0	0.0616	0.0000
TTGCA	0	6	0.0000	0.0347
accgg	838	0	0.0459	0.0000
aggcc	882	0	0.0483	0.0000
CCTCT	0	10	0.0000	0.0578
accgt	1664	0	0.0911	0.0000
TCAGG	0	15	0.0000	0.0867
TTGCG	0	13	0.0000	0.0752
TCAGC	0	28	0.0000	0.1619
TCAGA	0	10	0.0000	0.0578
aggct	1290	0	0.0706	0.0000
cgccc	1275	0	0.0698	0.0000
cgcca	3989	0	0.2184	0.0000
TTGCT	0	23	0.0000	0.1330
CAAAG	0	14	0.0000	0.0809
ggttt	3017	0	0.1652	0.0000
CCGGG	0	31	0.0000	0.1792
TACTT	0	14	0.0000	0.0809
cgtga	1856	0	0.1016	0.0000
CAAAC	0	23	0.0000	0.1330
CCGGC	0	34	0.0000	0.1966
CAAAA	0	15	0.0000	0.0867
CCGGA	0	18	0.0000	0.1041
cgtgc	1319	0	0.0722	0.0000
caata	2556	0	0.1400	0.0000
caatc	2855	0	0.1563	0.0000
cgtgg	1388	0	0.0760	0.0000
CCTAG	0	6	0.0000	0.0347
caatg	3343	0	0.1831	0.0000
TACTG	0	20	0.0000	0.1156
CAAAT	0	17	0.0000	0.0983
CCTAC	0	10	0.0000	0.0578
ggttg	2266	0	0.1241	0.0000
CCTAA	0	11	0.0000	0.0636
CCGGT	0	22	0.0000	0.1272
TACTC	0	18	0.0000	0.1041
ggtta	1619	0	0.0887	0.0000
TACTA	0	9	0.0000	0.0520
cgtgt	1159	0	0.0635	0.0000
ggttc	1308	0	0.0716	0.0000
gtagt	946	0	0.0518	0.0000
TTGAA	0	14	0.0000	0.0809
GTGTG	0	35	0.0000	0.2024
ttaga	1161	0	0.0636	0.0000
ttagc	1488	0	0.0815	0.0000
GTGTC	0	8	0.0000	0.0463
CCTAT	0	12	0.0000	0.0694
GTGTA	0	14	0.0000	0.0809
ggctc	1395	0	0.0764	0.0000
ggcta	1381	0	0.0756	0.0000
ACGAT	0	16	0.0000	0.0925
TTGAG	0	17	0.0000	0.0983
ggctg	1774	0	0.0971	0.0000
TTGAC	0	11	0.0000	0.0636
ACGAC	0	16	0.0000	0.0925
GTGTT	0	12	0.0000	0.0694
ACGAA	0	21	0.0000	0.1214
ACGAG	0	19	0.0000	0.1099
TATTT	0	22	0.0000	0.1272
TTGAT	0	24	0.0000	0.1388
cgggg	548	0	0.0300	0.0000
actct	1301	0	0.0712	0.0000
TTTGT	0	29	0.0000	0.1677
TCATT	0	12	0.0000	0.0694
gtaga	1080	0	0.0591	0.0000
gtagc	1096	0	0.0600	0.0000
cgtac	906	0	0.0496	0.0000
cgtaa	1407	0	0.0770	0.0000
cgggt	974	0	0.0533	0.0000
ccgta	883	0	0.0484	0.0000
gtagg	706	0	0.0387	0.0000
cgtag	893	0	0.0489	0.0000
ccgtc	1201	0	0.0658	0.0000
TTCGC	0	21	0.0000	0.1214
accca	1826	0	0.1000	0.0000
TCATG	0	26	0.0000	0.1503
ccgtg	1254	0	0.0687	0.0000
TTCGA	0	8	0.0000	0.0463
TCATC	0	19	0.0000	0.1099
acccg	1062	0	0.0582	0.0000
TCATA	0	12	0.0000	0.0694
acccc	773	0	0.0423	0.0000
TTCGG	0	20	0.0000	0.1156
TTCGT	0	18	0.0000	0.1041
accct	918	0	0.0503	0.0000
cgggc	957	0	0.0524	0.0000
cggga	570	0	0.0312	0.0000
cgcac	1692	0	0.0927	0.0000
CCGCG	0	20	0.0000	0.1156
cgcag	1892	0	0.1036	0.0000
CCGCC	0	18	0.0000	0.1041
TGAGA	0	21	0.0000	0.1214
CCGCA	0	21	0.0000	0.1214
TGAGC	0	24	0.0000	0.1388
cgtca	2145	0	0.1175	0.0000
TGAGG	0	16	0.0000	0.0925
cgcat	1983	0	0.1086	0.0000
cgtcc	710	0	0.0389	0.0000
cgtcg	1425	0	0.0780	0.0000
CCGCT	0	14	0.0000	0.0809
aaagc	3627	0	0.1986	0.0000
TGAGT	0	12	0.0000	0.0694
aaaga	3029	0	0.1659	0.0000
aggag	733	0	0.0401	0.0000
cgtat	1217	0	0.0666	0.0000
aggac	471	0	0.0258	0.0000
gtact	1017	0	0.0557	0.0000
aaagg	2169	0	0.1188	0.0000
ccgtt	1908	0	0.1045	0.0000
aggaa	1273	0	0.0697	0.0000
actga	2020	0	0.1106	0.0000
TTTGA	0	14	0.0000	0.0809
aaagt	2470	0	0.1353	0.0000
actgc	1956	0	0.1071	0.0000
aggat	967	0	0.0530	0.0000
TTTGG	0	24	0.0000	0.1388
actgg	2042	0	0.1118	0.0000
TTTGC	0	18	0.0000	0.1041
actgt	1282	0	0.0702	0.0000
cgcaa	2610	0	0.1429	0.0000
cggcc	1153	0	0.0631	0.0000
cggca	2181	0	0.1194	0.0000
cccgg	463	0	0.0254	0.0000
TTTCT	0	20	0.0000	0.1156
CCGAG	0	18	0.0000	0.1041
cggcg	1785	0	0.0977	0.0000
CCGAC	0	8	0.0000	0.0463
GGATA	0	14	0.0000	0.0809
CCGAA	0	7	0.0000	0.0405
cccgt	824	0	0.0451	0.0000
gtaca	979	0	0.0536	0.0000
gtacc	1010	0	0.0553	0.0000
CCGAT	0	19	0.0000	0.1099
cggct	1550	0	0.0849	0.0000
gtacg	868	0	0.0475	0.0000
GGATC	0	7	0.0000	0.0405
acgga	963	0	0.0527	0.0000
gggtt	1459	0	0.0799	0.0000
GGATG	0	27	0.0000	0.1561
cctgt	1054	0	0.0577	0.0000
acggg	818	0	0.0448	0.0000
TTCCG	0	26	0.0000	0.1503
aaaag	3200	0	0.1752	0.0000
acggc	1700	0	0.0931	0.0000
aaaaa	4772	0	0.2613	0.0000
TTCCC	0	17	0.0000	0.0983
gtaat	1534	0	0.0840	0.0000
aaaac	3874	0	0.2121	0.0000
TTCCA	0	12	0.0000	0.0694
GGATT	0	29	0.0000	0.1677
aaaat	3647	0	0.1997	0.0000
actac	920	0	0.0504	0.0000
TTCCT	0	17	0.0000	0.0983
GTTTG	0	25	0.0000	0.1446
actaa	930	0	0.0509	0.0000
acggt	1702	0	0.0932	0.0000
GTTTC	0	7	0.0000	0.0405
GTTTA	0	24	0.0000	0.1388
cccga	786	0	0.0430	0.0000
actag	471	0	0.0258	0.0000
cccgc	1099	0	0.0602	0.0000
actat	879	0	0.0481	0.0000
TTTAT	0	31	0.0000	0.1792
GTTTT	0	25	0.0000	0.1446
TGACA	0	13	0.0000	0.0752
TGACC	0	12	0.0000	0.0694
TGACG	0	14	0.0000	0.0809
gtaaa	2122	0	0.1162	0.0000
gtaac	1336	0	0.0732	0.0000
aaaca	3369	0	0.1845	0.0000
gtaag	1254	0	0.0687	0.0000
TGACT	0	11	0.0000	0.0636
aaacg	2982	0	0.1633	0.0000
gggtg	1218	0	0.0667	0.0000
accag	1754	0	0.0961	0.0000
TTCAC	0	15	0.0000	0.0867
accaa	3971	0	0.2175	0.0000
aaacc	3202	0	0.1753	0.0000
TTCAA	0	19	0.0000	0.1099
accac	2580	0	0.1413	0.0000
GTCTG	0	20	0.0000	0.1156
GTCTC	0	6	0.0000	0.0347
GTCTA	0	12	0.0000	0.0694
gggtc	597	0	0.0327	0.0000
gggta	1074	0	0.0588	0.0000
TTCAG	0	12	0.0000	0.0694
TTCAT	0	16	0.0000	0.0925
accat	2613	0	0.1431	0.0000
actcg	1452	0	0.0795	0.0000
TTTCC	0	19	0.0000	0.1099
actca	2201	0	0.1205	0.0000
TTTCA	0	9	0.0000	0.0520
aaact	2422	0	0.1326	0.0000
actcc	710	0	0.0389	0.0000
GTCTT	0	20	0.0000	0.1156
TTTCG	0	11	0.0000	0.0636
tgtct	1454	0	0.0796	0.0000
tgcat	1659	0	0.0908	0.0000
tgtcc	850	0	0.0465	0.0000
tgtcg	2080	0	0.1139	0.0000
gagat	1827	0	0.1000	0.0000
tgccc	1515	0	0.0830	0.0000
tgccg	2125	0	0.1164	0.0000
gagct	1869	0	0.1023	0.0000
gagcg	1861	0	0.1019	0.0000
gagca	2389	0	0.1308	0.0000
gagcc	1298	0	0.0711	0.0000
tgcca	3431	0	0.1879	0.0000
TTGTT	0	22	0.0000	0.1272
tgcct	1850	0	0.1013	0.0000
atagg	849	0	0.0465	0.0000
ataga	1255	0	0.0687	0.0000
atagc	1390	0	0.0761	0.0000
tgtga	1663	0	0.0911	0.0000
gagag	1333	0	0.0730	0.0000
tgtgc	1659	0	0.0908	0.0000
gagaa	2132	0	0.1168	0.0000
atagt	900	0	0.0493	0.0000
gagac	863	0	0.0473	0.0000
agttc	1562	0	0.0855	0.0000
agtta	1300	0	0.0712	0.0000
cgctc	1988	0	0.1089	0.0000
cgcta	1515	0	0.0830	0.0000
cgctg	2599	0	0.1423	0.0000
cgctt	3396	0	0.1860	0.0000
cgttg	2745	0	0.1503	0.0000
ataaa	2601	0	0.1424	0.0000
tgggc	1744	0	0.0955	0.0000
tgggg	1196	0	0.0655	0.0000
aggta	1142	0	0.0625	0.0000
TTGTC	0	18	0.0000	0.1041
TTGTA	0	19	0.0000	0.1099
cgttt	3032	0	0.1660	0.0000
aggtg	1636	0	0.0896	0.0000
aggtc	858	0	0.0470	0.0000
ataag	1299	0	0.0711	0.0000
TTGTG	0	21	0.0000	0.1214
ataac	1555	0	0.0852	0.0000
tggga	1042	0	0.0571	0.0000
aggtt	1515	0	0.0830	0.0000
tgtat	1164	0	0.0637	0.0000
tcgtt	2145	0	0.1175	0.0000
ataat	1377	0	0.0754	0.0000
tgtac	1010	0	0.0553	0.0000
tgtaa	1245	0	0.0682	0.0000
tgggt	1762	0	0.0965	0.0000
tcgta	1032	0	0.0565	0.0000
tgtag	951	0	0.0521	0.0000
tcgtc	1602	0	0.0877	0.0000
tcgtg	1425	0	0.0780	0.0000
tgcac	1585	0	0.0868	0.0000
ataca	1119	0	0.0613	0.0000
tgcaa	2580	0	0.1413	0.0000
atacc	1582	0	0.0866	0.0000
tgcag	1849	0	0.1013	0.0000
tgtca	1761	0	0.0964	0.0000
atact	1027	0	0.0562	0.0000
atacg	1185	0	0.0649	0.0000
acttg	1988	0	0.1089	0.0000
acttc	1854	0	0.1015	0.0000
aaatt	2707	0	0.1482	0.0000
ATTTC	0	18	0.0000	0.1041
ATTTG	0	28	0.0000	0.1619
agcga	2546	0	0.1394	0.0000
ATTTA	0	32	0.0000	0.1850
acttt	2589	0	0.1418	0.0000
agcgg	1862	0	0.1020	0.0000
agcgc	2714	0	0.1486	0.0000
ctact	947	0	0.0519	0.0000
accta	920	0	0.0504	0.0000
agcgt	2132	0	0.1168	0.0000
AGATT	0	21	0.0000	0.1214
acctg	1135	0	0.0622	0.0000
acctc	1076	0	0.0589	0.0000
AGATG	0	11	0.0000	0.0636
AGATA	0	16	0.0000	0.0925
AGATC	0	15	0.0000	0.0867
ctaga	753	0	0.0412	0.0000
acctt	2074	0	0.1136	0.0000
ctagc	717	0	0.0393	0.0000
TTCTT	0	25	0.0000	0.1446
tggtt	3196	0	0.1750	0.0000
ATCTT	0	14	0.0000	0.0809
ttaat	1985	0	0.1087	0.0000
tggtc	1880	0	0.1030	0.0000
tggta	1802	0	0.0987	0.0000
ctagt	438	0	0.0240	0.0000
tggtg	3849	0	0.2108	0.0000
ATCTG	0	24	0.0000	0.1388
ctagg	648	0	0.0355	0.0000
ttaaa	2492	0	0.1365	0.0000
ttaac	1781	0	0.0975	0.0000
cgttc	1419	0	0.0777	0.0000
cgtta	1820	0	0.0997	0.0000
ttaag	1544	0	0.0846	0.0000
gtata	562	0	0.0308	0.0000
gtatc	1339	0	0.0733	0.0000
ATCTC	0	17	0.0000	0.0983
gtatg	1050	0	0.0575	0.0000
ATCTA	0	11	0.0000	0.0636
ttaca	1243	0	0.0681	0.0000
gtatt	2068	0	0.1132	0.0000
ATTTT	0	13	0.0000	0.0752
TTTTG	0	16	0.0000	0.0925
tctta	1075	0	0.0589	0.0000
taatt	1384	0	0.0758	0.0000
TTTTC	0	18	0.0000	0.1041
tcttc	2526	0	0.1383	0.0000
TTTTA	0	17	0.0000	0.0983
tcttg	2563	0	0.1404	0.0000
cggtc	928	0	0.0508	0.0000
taata	1155	0	0.0632	0.0000
tgtgg	1912	0	0.1047	0.0000
cggta	1470	0	0.0805	0.0000
taatc	1411	0	0.0773	0.0000
TTTTT	0	6	0.0000	0.0347
cggtg	2227	0	0.1220	0.0000
taatg	1877	0	0.1028	0.0000
ctaaa	1580	0	0.0865	0.0000
agccc	1108	0	0.0607	0.0000
ctaac	1087	0	0.0595	0.0000
agcca	2893	0	0.1584	0.0000
tgtgt	1468	0	0.0804	0.0000
ctaag	1019	0	0.0558	0.0000
tgcgg	1775	0	0.0972	0.0000
agccg	1526	0	0.0836	0.0000
agcct	1325	0	0.0726	0.0000
tgcgt	1929	0	0.1056	0.0000
TTCTG	0	16	0.0000	0.0925
tcttt	2944	0	0.1612	0.0000
TTCTC	0	23	0.0000	0.1330
TTCTA	0	15	0.0000	0.0867
tgcga	1817	0	0.0995	0.0000
tgcgc	2766	0	0.1515	0.0000
tcctt	1230	0	0.0674	0.0000
ctaca	939	0	0.0514	0.0000
tccta	528	0	0.0289	0.0000
tcctc	846	0	0.0463	0.0000
tcctg	912	0	0.0499	0.0000
ctacc	1063	0	0.0582	0.0000
TGATA	0	25	0.0000	0.1446
ctacg	906	0	0.0496	0.0000
TGATC	0	20	0.0000	0.1156
cggtt	2019	0	0.1106	0.0000
TGATG	0	38	0.0000	0.2197
agtgg	2092	0	0.1146	0.0000
aaata	2375	0	0.1301	0.0000
ctaat	889	0	0.0487	0.0000
agtgc	1782	0	0.0976	0.0000
TGATT	0	32	0.0000	0.1850
agtga	2395	0	0.1312	0.0000
aaatg	2839	0	0.1555	0.0000
aaatc	3084	0	0.1689	0.0000
actta	1218	0	0.0667	0.0000
agtgt	1365	0	0.0747	0.0000
