Kmer	RefCount	ReadCount	RefPc	ReadPc
atatt	57	0	0.1195	0.0000
cagaa	65	0	0.1363	0.0000
cagac	37	0	0.0776	0.0000
atatg	18	0	0.0377	0.0000
cagag	41	0	0.0860	0.0000
tacct	40	0	0.0839	0.0000
cagat	52	0	0.1090	0.0000
gggat	39	0	0.0818	0.0000
gcaat	67	0	0.1405	0.0000
gctgg	54	0	0.1132	0.0000
gagta	23	0	0.0482	0.0000
tcgga	22	0	0.0461	0.0000
taaaa	102	0	0.2139	0.0000
gagtc	23	0	0.0482	0.0000
tcggc	30	0	0.0629	0.0000
taaac	74	0	0.1552	0.0000
gctga	41	0	0.0860	0.0000
tcggg	16	0	0.0335	0.0000
taaag	80	0	0.1677	0.0000
gaagt	35	0	0.0734	0.0000
gctgc	37	0	0.0776	0.0000
gggac	21	0	0.0440	0.0000
gcaag	73	0	0.1531	0.0000
gggag	11	0	0.0231	0.0000
gaaga	51	0	0.1069	0.0000
gaagc	58	0	0.1216	0.0000
gggaa	27	0	0.0566	0.0000
gcaaa	144	0	0.3019	0.0000
gaagg	32	0	0.0671	0.0000
gcaac	68	0	0.1426	0.0000
tatgt	22	0	0.0461	0.0000
cagca	104	0	0.2181	0.0000
cagcc	58	0	0.1216	0.0000
tctat	50	0	0.1048	0.0000
cagcg	78	0	0.1635	0.0000
tatga	37	0	0.0776	0.0000
tatgc	29	0	0.0608	0.0000
gctct	50	0	0.1048	0.0000
tctaa	39	0	0.0818	0.0000
tcggt	30	0	0.0629	0.0000
tctac	25	0	0.0524	0.0000
tatgg	22	0	0.0461	0.0000
taaat	61	0	0.1279	0.0000
cagct	50	0	0.1048	0.0000
tctag	28	0	0.0587	0.0000
tacga	23	0	0.0482	0.0000
gccct	41	0	0.0860	0.0000
taaca	49	0	0.1027	0.0000
tacgc	40	0	0.0839	0.0000
taacc	58	0	0.1216	0.0000
tccaa	57	0	0.1195	0.0000
tacgg	15	0	0.0314	0.0000
tccac	38	0	0.0797	0.0000
taacg	36	0	0.0755	0.0000
tccag	31	0	0.0650	0.0000
gcccg	22	0	0.0461	0.0000
gccca	36	0	0.0755	0.0000
gcccc	28	0	0.0587	0.0000
tatat	25	0	0.0524	0.0000
atctg	34	0	0.0713	0.0000
gctat	39	0	0.0818	0.0000
tataa	28	0	0.0587	0.0000
taggt	26	0	0.0545	0.0000
tatac	19	0	0.0398	0.0000
tcgat	79	0	0.1656	0.0000
tatag	14	0	0.0294	0.0000
atctt	57	0	0.1195	0.0000
gatgt	43	0	0.0902	0.0000
gaact	43	0	0.0902	0.0000
gctcc	23	0	0.0482	0.0000
gccat	76	0	0.1593	0.0000
gctcg	48	0	0.1006	0.0000
tacaa	55	0	0.1153	0.0000
tcgca	36	0	0.0755	0.0000
tacac	38	0	0.0797	0.0000
tcgcc	27	0	0.0566	0.0000
gctca	69	0	0.1447	0.0000
tacag	38	0	0.0797	0.0000
tcgcg	36	0	0.0755	0.0000
gacgt	19	0	0.0398	0.0000
gacgg	30	0	0.0629	0.0000
gccac	60	0	0.1258	0.0000
gaacg	35	0	0.0734	0.0000
gccag	71	0	0.1489	0.0000
gacga	40	0	0.0839	0.0000
gacgc	44	0	0.0923	0.0000
gaaca	55	0	0.1153	0.0000
gccaa	110	0	0.2306	0.0000
gaacc	22	0	0.0461	0.0000
tatct	59	0	0.1237	0.0000
tatca	69	0	0.1447	0.0000
tatcc	27	0	0.0566	0.0000
tcgct	44	0	0.0923	0.0000
tacat	29	0	0.0608	0.0000
tatcg	52	0	0.1090	0.0000
gctac	32	0	0.0671	0.0000
gctaa	38	0	0.0797	0.0000
gcggt	44	0	0.0923	0.0000
gatgg	47	0	0.0985	0.0000
gaaat	66	0	0.1384	0.0000
gctag	18	0	0.0377	0.0000
tacca	64	0	0.1342	0.0000
taccc	45	0	0.0943	0.0000
taccg	34	0	0.0713	0.0000
gatga	84	0	0.1761	0.0000
gatgc	53	0	0.1111	0.0000
atatc	45	0	0.0943	0.0000
gaaac	56	0	0.1174	0.0000
gcggg	28	0	0.0587	0.0000
gaaag	81	0	0.1698	0.0000
atata	24	0	0.0503	0.0000
gcggc	45	0	0.0943	0.0000
gaaaa	120	0	0.2516	0.0000
gcgga	16	0	0.0335	0.0000
tctgt	27	0	0.0566	0.0000
tagtt	30	0	0.0629	0.0000
tctgc	26	0	0.0545	0.0000
taagt	53	0	0.1111	0.0000
gatct	25	0	0.0524	0.0000
tctgg	44	0	0.0923	0.0000
tcaat	115	0	0.2411	0.0000
tggat	53	0	0.1111	0.0000
tagta	14	0	0.0294	0.0000
tagtc	15	0	0.0314	0.0000
tagtg	33	0	0.0692	0.0000
tcaca	50	0	0.1048	0.0000
tggca	72	0	0.1510	0.0000
tccgc	17	0	0.0356	0.0000
gacct	23	0	0.0482	0.0000
tcacc	106	0	0.2222	0.0000
tccgg	8	0	0.0168	0.0000
tcacg	45	0	0.0943	0.0000
tggcc	40	0	0.0839	0.0000
agatg	55	0	0.1153	0.0000
ctatg	30	0	0.0629	0.0000
tggcg	61	0	0.1279	0.0000
agatc	29	0	0.0608	0.0000
agata	64	0	0.1342	0.0000
gaccc	27	0	0.0566	0.0000
gaccg	32	0	0.0671	0.0000
ctatt	43	0	0.0902	0.0000
agatt	50	0	0.1048	0.0000
gacca	48	0	0.1006	0.0000
tccga	20	0	0.0419	0.0000
attta	62	0	0.1300	0.0000
tccgt	25	0	0.0524	0.0000
tcact	59	0	0.1237	0.0000
gatat	43	0	0.0902	0.0000
tggct	60	0	0.1258	0.0000
atttg	72	0	0.1510	0.0000
gatag	50	0	0.1048	0.0000
atttc	72	0	0.1510	0.0000
gatca	42	0	0.0881	0.0000
gatcc	17	0	0.0356	0.0000
gacat	51	0	0.1069	0.0000
gcgct	73	0	0.1531	0.0000
gatcg	15	0	0.0314	0.0000
atttt	103	0	0.2160	0.0000
gacaa	69	0	0.1447	0.0000
atcta	40	0	0.0839	0.0000
gcgcc	43	0	0.0902	0.0000
gacac	42	0	0.0881	0.0000
atctc	35	0	0.0734	0.0000
gcgca	90	0	0.1887	0.0000
gcgcg	39	0	0.0818	0.0000
gacag	41	0	0.0860	0.0000
agttg	38	0	0.0797	0.0000
tctct	40	0	0.0839	0.0000
agttt	61	0	0.1279	0.0000
atgtg	30	0	0.0629	0.0000
atgta	30	0	0.0629	0.0000
atgtc	35	0	0.0734	0.0000
tctca	48	0	0.1006	0.0000
tacgt	28	0	0.0587	0.0000
tctcc	29	0	0.0608	0.0000
taact	42	0	0.0881	0.0000
tccat	45	0	0.0943	0.0000
tctcg	33	0	0.0692	0.0000
atgtt	30	0	0.0629	0.0000
tccca	24	0	0.0503	0.0000
gataa	88	0	0.1845	0.0000
gaggt	30	0	0.0629	0.0000
gcgat	67	0	0.1405	0.0000
tcccc	26	0	0.0545	0.0000
gatac	54	0	0.1132	0.0000
ctctc	48	0	0.1006	0.0000
tcccg	13	0	0.0273	0.0000
agctc	46	0	0.0964	0.0000
gcgag	42	0	0.0881	0.0000
ctctg	25	0	0.0524	0.0000
agcta	36	0	0.0755	0.0000
gaggc	46	0	0.0964	0.0000
gcgaa	52	0	0.1090	0.0000
gaggg	22	0	0.0461	0.0000
agctg	43	0	0.0902	0.0000
gcgac	39	0	0.0818	0.0000
agctt	76	0	0.1593	0.0000
ctctt	60	0	0.1258	0.0000
gagga	25	0	0.0524	0.0000
tccct	29	0	0.0608	0.0000
ctata	18	0	0.0377	0.0000
ctatc	55	0	0.1153	0.0000
taagc	42	0	0.0881	0.0000
tcaaa	121	0	0.2537	0.0000
taagg	33	0	0.0692	0.0000
tcaac	86	0	0.1803	0.0000
tggac	27	0	0.0566	0.0000
tggaa	45	0	0.0943	0.0000
tcaag	77	0	0.1614	0.0000
tggag	17	0	0.0356	0.0000
tctga	28	0	0.0587	0.0000
taaga	33	0	0.0692	0.0000
cccca	40	0	0.0839	0.0000
ccccc	21	0	0.0440	0.0000
aatat	46	0	0.0964	0.0000
ccccg	27	0	0.0566	0.0000
gtcca	18	0	0.0377	0.0000
cccct	32	0	0.0671	0.0000
gtccc	13	0	0.0273	0.0000
gtccg	14	0	0.0294	0.0000
gcctt	59	0	0.1237	0.0000
acgcc	52	0	0.1090	0.0000
aacac	79	0	0.1656	0.0000
cctct	45	0	0.0943	0.0000
gttca	55	0	0.1153	0.0000
acgca	48	0	0.1006	0.0000
gttcc	18	0	0.0377	0.0000
aacaa	122	0	0.2558	0.0000
gtcat	37	0	0.0776	0.0000
gttcg	22	0	0.0461	0.0000
acgcg	46	0	0.0964	0.0000
aacag	75	0	0.1572	0.0000
aatcc	47	0	0.0985	0.0000
aacat	75	0	0.1572	0.0000
acgct	61	0	0.1279	0.0000
aatca	113	0	0.2369	0.0000
gttct	47	0	0.0985	0.0000
aatcg	50	0	0.1048	0.0000
ccaaa	133	0	0.2789	0.0000
cggaa	23	0	0.0482	0.0000
aatct	41	0	0.0860	0.0000
ccaac	83	0	0.1740	0.0000
gcttt	115	0	0.2411	0.0000
caagg	85	0	0.1782	0.0000
ggaca	28	0	0.0587	0.0000
ggcgc	50	0	0.1048	0.0000
ccaag	83	0	0.1740	0.0000
ggcga	63	0	0.1321	0.0000
cggac	10	0	0.0210	0.0000
cggag	19	0	0.0398	0.0000
cctga	26	0	0.0545	0.0000
caagt	43	0	0.0902	0.0000
cctgc	23	0	0.0482	0.0000
gcttg	69	0	0.1447	0.0000
cctgg	13	0	0.0273	0.0000
ccaat	81	0	0.1698	0.0000
cggat	21	0	0.0440	0.0000
cagta	28	0	0.0587	0.0000
gtcaa	54	0	0.1132	0.0000
cagtc	27	0	0.0566	0.0000
gtcac	38	0	0.0797	0.0000
cagtg	40	0	0.0839	0.0000
ggtgt	14	0	0.0294	0.0000
gcttc	40	0	0.0839	0.0000
gtcag	43	0	0.0902	0.0000
gaatt	36	0	0.0755	0.0000
gctta	66	0	0.1384	0.0000
gcctg	17	0	0.0356	0.0000
aaccg	53	0	0.1111	0.0000
aacca	107	0	0.2243	0.0000
gttaa	50	0	0.1048	0.0000
gtggt	29	0	0.0608	0.0000
aaccc	66	0	0.1384	0.0000
gttac	32	0	0.0671	0.0000
ggact	30	0	0.0629	0.0000
ggcgt	38	0	0.0797	0.0000
gttag	39	0	0.0818	0.0000
gccta	24	0	0.0503	0.0000
gcctc	32	0	0.0671	0.0000
aacct	54	0	0.1132	0.0000
ggcgg	24	0	0.0503	0.0000
ggacc	3	0	0.0063	0.0000
gttat	48	0	0.1006	0.0000
caaga	87	0	0.1824	0.0000
ggacg	27	0	0.0566	0.0000
caagc	97	0	0.2034	0.0000
ccgga	11	0	0.0231	0.0000
ccggc	16	0	0.0335	0.0000
caaaa	163	0	0.3418	0.0000
caaac	128	0	0.2684	0.0000
ccggg	1	0	0.0021	0.0000
ttatc	69	0	0.1447	0.0000
caaag	139	0	0.2914	0.0000
ttatg	41	0	0.0860	0.0000
catga	64	0	0.1342	0.0000
catgc	47	0	0.0985	0.0000
cctaa	33	0	0.0692	0.0000
ccggt	23	0	0.0482	0.0000
gtgga	30	0	0.0629	0.0000
ttata	26	0	0.0545	0.0000
catgg	32	0	0.0671	0.0000
caaat	75	0	0.1572	0.0000
cctac	34	0	0.0713	0.0000
gtggc	35	0	0.0734	0.0000
cctag	23	0	0.0482	0.0000
gtggg	26	0	0.0545	0.0000
gaatg	31	0	0.0650	0.0000
ggtgg	28	0	0.0587	0.0000
ggtgc	29	0	0.0608	0.0000
gaata	44	0	0.0923	0.0000
ggaat	30	0	0.0629	0.0000
gaatc	28	0	0.0587	0.0000
ggtga	51	0	0.1069	0.0000
ggaac	18	0	0.0377	0.0000
ttatt	83	0	0.1740	0.0000
ggaaa	52	0	0.1090	0.0000
ggaag	32	0	0.0671	0.0000
caaca	114	0	0.2390	0.0000
cacgc	44	0	0.0923	0.0000
cccaa	70	0	0.1468	0.0000
caacc	71	0	0.1489	0.0000
cccac	27	0	0.0566	0.0000
cacgg	25	0	0.0524	0.0000
caacg	62	0	0.1300	0.0000
cccag	19	0	0.0398	0.0000
gactt	53	0	0.1111	0.0000
cacgt	22	0	0.0461	0.0000
cctca	46	0	0.0964	0.0000
caact	69	0	0.1447	0.0000
cctcc	21	0	0.0440	0.0000
cccat	51	0	0.1069	0.0000
ggtct	18	0	0.0377	0.0000
cctcg	27	0	0.0566	0.0000
acgaa	42	0	0.0881	0.0000
acgac	48	0	0.1006	0.0000
catgt	24	0	0.0503	0.0000
aaggg	48	0	0.1006	0.0000
aagga	57	0	0.1195	0.0000
cctat	30	0	0.0629	0.0000
aaggc	74	0	0.1552	0.0000
gtgct	27	0	0.0566	0.0000
acgag	26	0	0.0545	0.0000
ggcct	12	0	0.0252	0.0000
aataa	84	0	0.1761	0.0000
aaggt	36	0	0.0755	0.0000
aatac	72	0	0.1510	0.0000
ggccc	4	0	0.0084	0.0000
ggcca	53	0	0.1111	0.0000
ggccg	13	0	0.0273	0.0000
acgat	29	0	0.0608	0.0000
aatag	32	0	0.0671	0.0000
cacga	30	0	0.0629	0.0000
gattt	72	0	0.1510	0.0000
ccgca	37	0	0.0776	0.0000
cacaa	85	0	0.1782	0.0000
ccgcc	52	0	0.1090	0.0000
cacac	53	0	0.1111	0.0000
ccgcg	25	0	0.0524	0.0000
cacag	42	0	0.0881	0.0000
gattc	32	0	0.0671	0.0000
gcgtt	55	0	0.1153	0.0000
catca	151	0	0.3166	0.0000
gattg	69	0	0.1447	0.0000
catcc	37	0	0.0776	0.0000
cacat	32	0	0.0671	0.0000
ccgct	37	0	0.0776	0.0000
gtgca	35	0	0.0734	0.0000
catcg	60	0	0.1258	0.0000
ggtat	31	0	0.0650	0.0000
tagct	41	0	0.0860	0.0000
gtgcc	31	0	0.0650	0.0000
gatta	40	0	0.0839	0.0000
gtgcg	21	0	0.0440	0.0000
gtgag	25	0	0.0524	0.0000
gactc	20	0	0.0419	0.0000
aagaa	82	0	0.1719	0.0000
ggtcg	23	0	0.0482	0.0000
gactg	27	0	0.0566	0.0000
ggtcc	4	0	0.0084	0.0000
catat	28	0	0.0587	0.0000
aagag	75	0	0.1572	0.0000
gtgat	51	0	0.1069	0.0000
aagac	77	0	0.1614	0.0000
ggcat	60	0	0.1258	0.0000
ggtca	43	0	0.0902	0.0000
gacta	20	0	0.0419	0.0000
ggcag	42	0	0.0881	0.0000
ggcaa	84	0	0.1761	0.0000
aagat	73	0	0.1531	0.0000
ggcac	42	0	0.0881	0.0000
cacca	130	0	0.2726	0.0000
caccc	62	0	0.1300	0.0000
gcaga	45	0	0.0943	0.0000
caccg	53	0	0.1111	0.0000
cacct	65	0	0.1363	0.0000
gtgaa	51	0	0.1069	0.0000
gtgac	33	0	0.0692	0.0000
gcgtc	20	0	0.0419	0.0000
aagca	86	0	0.1803	0.0000
gcgta	32	0	0.0671	0.0000
aagcc	120	0	0.2516	0.0000
tagga	15	0	0.0314	0.0000
gcgtg	31	0	0.0650	0.0000
ggtag	18	0	0.0377	0.0000
taggc	29	0	0.0608	0.0000
catct	43	0	0.0902	0.0000
ggtaa	51	0	0.1069	0.0000
tcgaa	37	0	0.0776	0.0000
ggtac	19	0	0.0398	0.0000
taggg	19	0	0.0398	0.0000
gcagt	40	0	0.0839	0.0000
tcgac	28	0	0.0587	0.0000
ggggt	20	0	0.0419	0.0000
aagcg	84	0	0.1761	0.0000
tcgag	48	0	0.1006	0.0000
ggggc	29	0	0.0608	0.0000
gcagc	70	0	0.1468	0.0000
gggga	21	0	0.0440	0.0000
ggggg	18	0	0.0377	0.0000
aagct	62	0	0.1300	0.0000
gcagg	13	0	0.0273	0.0000
tagaa	39	0	0.0818	0.0000
tagac	19	0	0.0398	0.0000
cagga	23	0	0.0482	0.0000
caggc	31	0	0.0650	0.0000
ccgaa	39	0	0.0818	0.0000
ccgac	41	0	0.0860	0.0000
caggg	25	0	0.0524	0.0000
ccgag	20	0	0.0419	0.0000
tagag	38	0	0.0797	0.0000
gagtt	43	0	0.0902	0.0000
cataa	60	0	0.1258	0.0000
caggt	22	0	0.0461	0.0000
catac	32	0	0.0671	0.0000
gagtg	18	0	0.0377	0.0000
ccgat	33	0	0.0692	0.0000
catag	28	0	0.0587	0.0000
tagat	36	0	0.0755	0.0000
gctgt	38	0	0.0797	0.0000
gggct	29	0	0.0608	0.0000
tagca	30	0	0.0629	0.0000
tagcc	35	0	0.0734	0.0000
gccgt	44	0	0.0923	0.0000
tagcg	49	0	0.1027	0.0000
gcact	65	0	0.1363	0.0000
gggcg	31	0	0.0650	0.0000
gcacg	24	0	0.0503	0.0000
gccga	28	0	0.0587	0.0000
gccgc	38	0	0.0797	0.0000
gcaca	48	0	0.1006	0.0000
gggcc	8	0	0.0168	0.0000
gcacc	58	0	0.1216	0.0000
gggca	34	0	0.0713	0.0000
gccgg	15	0	0.0314	0.0000
ttgtg	43	0	0.0902	0.0000
cgacg	26	0	0.0545	0.0000
tgttc	38	0	0.0797	0.0000
gtttt	98	0	0.2055	0.0000
tgttg	49	0	0.1027	0.0000
ttgta	32	0	0.0671	0.0000
cgact	31	0	0.0650	0.0000
ttgtc	41	0	0.0860	0.0000
cgcgt	25	0	0.0524	0.0000
ctcag	46	0	0.0964	0.0000
cccta	25	0	0.0524	0.0000
ccctc	38	0	0.0797	0.0000
ttagt	29	0	0.0608	0.0000
ccctg	26	0	0.0545	0.0000
ttagg	41	0	0.0860	0.0000
agggc	18	0	0.0377	0.0000
acagg	34	0	0.0713	0.0000
ggatt	50	0	0.1048	0.0000
ctcaa	107	0	0.2243	0.0000
aggga	27	0	0.0566	0.0000
acaga	53	0	0.1111	0.0000
ctcac	64	0	0.1342	0.0000
tgtta	41	0	0.0860	0.0000
acagc	81	0	0.1698	0.0000
cctta	55	0	0.1153	0.0000
cttag	43	0	0.0902	0.0000
ccttc	28	0	0.0587	0.0000
caatt	73	0	0.1531	0.0000
ccttg	56	0	0.1174	0.0000
agggg	29	0	0.0608	0.0000
agtaa	42	0	0.0881	0.0000
agggt	38	0	0.0797	0.0000
acagt	28	0	0.0587	0.0000
cttaa	55	0	0.1153	0.0000
ctggt	32	0	0.0671	0.0000
cttac	50	0	0.1048	0.0000
tgctc	49	0	0.1027	0.0000
tgcta	30	0	0.0629	0.0000
acgtc	25	0	0.0524	0.0000
tgttt	72	0	0.1510	0.0000
agtag	20	0	0.0419	0.0000
gttta	59	0	0.1237	0.0000
ccttt	89	0	0.1866	0.0000
agtac	19	0	0.0398	0.0000
acgta	24	0	0.0503	0.0000
gtttc	42	0	0.0881	0.0000
atgag	60	0	0.1258	0.0000
cgcgc	54	0	0.1132	0.0000
cgaca	58	0	0.1216	0.0000
atgaa	88	0	0.1845	0.0000
cgcga	33	0	0.0692	0.0000
gtttg	62	0	0.1300	0.0000
atgac	54	0	0.1132	0.0000
cgcgg	29	0	0.0608	0.0000
acgtg	17	0	0.0356	0.0000
cgacc	38	0	0.0797	0.0000
ttgtt	88	0	0.1845	0.0000
cttat	68	0	0.1426	0.0000
acgtt	43	0	0.0902	0.0000
tgctt	68	0	0.1426	0.0000
aattg	48	0	0.1006	0.0000
aatta	63	0	0.1321	0.0000
agtat	25	0	0.0524	0.0000
aattc	44	0	0.0923	0.0000
atgat	57	0	0.1195	0.0000
aattt	81	0	0.1698	0.0000
tgctg	53	0	0.1111	0.0000
agcac	48	0	0.1006	0.0000
ctcca	44	0	0.0923	0.0000
agcaa	127	0	0.2663	0.0000
ctccc	18	0	0.0377	0.0000
ctccg	9	0	0.0189	0.0000
ccctt	67	0	0.1405	0.0000
agcag	51	0	0.1069	0.0000
cttca	52	0	0.1090	0.0000
agtcc	18	0	0.0377	0.0000
cttcc	30	0	0.0629	0.0000
agtca	48	0	0.1006	0.0000
ggatc	14	0	0.0294	0.0000
ctcat	49	0	0.1027	0.0000
cttcg	30	0	0.0629	0.0000
ggatg	35	0	0.0734	0.0000
aactg	43	0	0.0902	0.0000
aacta	49	0	0.1027	0.0000
ggata	35	0	0.0734	0.0000
atgcg	46	0	0.0964	0.0000
agtcg	32	0	0.0671	0.0000
aactc	59	0	0.1237	0.0000
agcat	63	0	0.1321	0.0000
agtct	23	0	0.0482	0.0000
atgcc	49	0	0.1027	0.0000
cttct	42	0	0.0881	0.0000
atgca	58	0	0.1216	0.0000
cgccg	31	0	0.0650	0.0000
aagtt	61	0	0.1279	0.0000
ttcgt	23	0	0.0482	0.0000
ttact	65	0	0.1363	0.0000
cgcct	43	0	0.0902	0.0000
aggca	67	0	0.1405	0.0000
accgc	61	0	0.1279	0.0000
ggctt	68	0	0.1426	0.0000
acaca	75	0	0.1572	0.0000
ttacc	74	0	0.1552	0.0000
acacc	72	0	0.1510	0.0000
ttcgg	34	0	0.0713	0.0000
ttacg	30	0	0.0629	0.0000
accga	57	0	0.1195	0.0000
aggcg	47	0	0.0985	0.0000
cgtct	19	0	0.0398	0.0000
accgg	26	0	0.0545	0.0000
cactt	63	0	0.1321	0.0000
aggcc	16	0	0.0335	0.0000
acacg	28	0	0.0587	0.0000
accgt	33	0	0.0692	0.0000
ctgct	29	0	0.0608	0.0000
aggct	47	0	0.0985	0.0000
acact	36	0	0.0755	0.0000
cgccc	30	0	0.0629	0.0000
cgcca	67	0	0.1405	0.0000
cgaag	38	0	0.0797	0.0000
ggttt	71	0	0.1489	0.0000
cgtga	23	0	0.0482	0.0000
cgtgc	22	0	0.0461	0.0000
caata	79	0	0.1656	0.0000
caatc	82	0	0.1719	0.0000
cgtgg	23	0	0.0482	0.0000
cgaat	29	0	0.0608	0.0000
caatg	91	0	0.1908	0.0000
ctgga	44	0	0.0923	0.0000
ctggc	67	0	0.1405	0.0000
ggttg	31	0	0.0650	0.0000
ggtta	31	0	0.0650	0.0000
cgtgt	20	0	0.0419	0.0000
ctggg	17	0	0.0356	0.0000
ggttc	24	0	0.0503	0.0000
gtagt	22	0	0.0461	0.0000
ttaga	41	0	0.0860	0.0000
ttagc	61	0	0.1279	0.0000
gtgta	11	0	0.0231	0.0000
gtgtc	17	0	0.0356	0.0000
ggctc	43	0	0.0902	0.0000
ggcta	28	0	0.0587	0.0000
gtgtg	26	0	0.0545	0.0000
ggctg	27	0	0.0566	0.0000
gtgtt	37	0	0.0776	0.0000
cgaac	40	0	0.0839	0.0000
cgaaa	58	0	0.1216	0.0000
ccagg	32	0	0.0671	0.0000
cgggg	15	0	0.0314	0.0000
actct	42	0	0.0881	0.0000
ttcta	38	0	0.0797	0.0000
ttctc	43	0	0.0902	0.0000
ttctg	46	0	0.0964	0.0000
ccagt	34	0	0.0713	0.0000
gtaga	17	0	0.0356	0.0000
ctgac	30	0	0.0629	0.0000
gtagc	25	0	0.0524	0.0000
cgtac	30	0	0.0629	0.0000
cgtaa	43	0	0.0902	0.0000
cgggt	13	0	0.0273	0.0000
ccgta	27	0	0.0566	0.0000
ctgag	27	0	0.0566	0.0000
gtagg	11	0	0.0231	0.0000
cgtag	16	0	0.0335	0.0000
ccgtc	23	0	0.0482	0.0000
accca	68	0	0.1426	0.0000
ccgtg	32	0	0.0671	0.0000
ctgaa	37	0	0.0776	0.0000
acccg	33	0	0.0692	0.0000
acccc	46	0	0.0964	0.0000
accct	54	0	0.1132	0.0000
ccaga	51	0	0.1069	0.0000
ttctt	110	0	0.2306	0.0000
ccagc	58	0	0.1216	0.0000
cgggc	23	0	0.0482	0.0000
cggga	15	0	0.0314	0.0000
cgcac	50	0	0.1048	0.0000
cgcag	52	0	0.1090	0.0000
cgtca	45	0	0.0943	0.0000
cgcat	43	0	0.0902	0.0000
cacta	36	0	0.0755	0.0000
ctgcg	28	0	0.0587	0.0000
cgtcc	12	0	0.0252	0.0000
cactc	61	0	0.1279	0.0000
cgtcg	16	0	0.0335	0.0000
cactg	53	0	0.1111	0.0000
aaagc	158	0	0.3313	0.0000
acaaa	109	0	0.2285	0.0000
ctgca	30	0	0.0629	0.0000
aaaga	132	0	0.2768	0.0000
ctgcc	33	0	0.0692	0.0000
aggag	30	0	0.0629	0.0000
acaag	75	0	0.1572	0.0000
ctgat	36	0	0.0755	0.0000
cgtat	18	0	0.0377	0.0000
gtcgt	24	0	0.0503	0.0000
catta	56	0	0.1174	0.0000
aggac	30	0	0.0629	0.0000
acaac	87	0	0.1824	0.0000
gtact	23	0	0.0482	0.0000
aaagg	65	0	0.1363	0.0000
cattc	60	0	0.1258	0.0000
ccgtt	52	0	0.1090	0.0000
aggaa	35	0	0.0734	0.0000
actga	37	0	0.0776	0.0000
cattg	87	0	0.1824	0.0000
aaagt	79	0	0.1656	0.0000
actgc	33	0	0.0692	0.0000
aagta	36	0	0.0755	0.0000
aagtc	51	0	0.1069	0.0000
aggat	23	0	0.0482	0.0000
cattt	79	0	0.1656	0.0000
actgg	48	0	0.1006	0.0000
acaat	59	0	0.1237	0.0000
actgt	28	0	0.0587	0.0000
cgcaa	70	0	0.1468	0.0000
aagtg	54	0	0.1132	0.0000
ccacc	80	0	0.1677	0.0000
cggcc	18	0	0.0377	0.0000
cggca	53	0	0.1111	0.0000
cccgg	1	0	0.0021	0.0000
ccacg	24	0	0.0503	0.0000
cggcg	33	0	0.0692	0.0000
gtcga	32	0	0.0671	0.0000
cccgt	31	0	0.0650	0.0000
ccact	55	0	0.1153	0.0000
gtcgc	20	0	0.0419	0.0000
gtaca	23	0	0.0482	0.0000
gtacc	21	0	0.0440	0.0000
gtcgg	20	0	0.0419	0.0000
cggct	31	0	0.0650	0.0000
gtacg	16	0	0.0335	0.0000
acgga	23	0	0.0482	0.0000
gcatt	63	0	0.1321	0.0000
gggtt	34	0	0.0713	0.0000
cctgt	25	0	0.0524	0.0000
acggg	21	0	0.0440	0.0000
gttga	49	0	0.1027	0.0000
gttgc	47	0	0.0985	0.0000
aaaag	129	0	0.2705	0.0000
acggc	43	0	0.0902	0.0000
aaaaa	206	0	0.4319	0.0000
gttgg	35	0	0.0734	0.0000
gtaat	38	0	0.0797	0.0000
aaaac	154	0	0.3229	0.0000
tgata	72	0	0.1510	0.0000
cagtt	41	0	0.0860	0.0000
aatga	71	0	0.1489	0.0000
tgatc	31	0	0.0650	0.0000
aatgg	43	0	0.0902	0.0000
aaaat	104	0	0.2181	0.0000
actac	45	0	0.0943	0.0000
aatgc	71	0	0.1489	0.0000
gttgt	22	0	0.0461	0.0000
actaa	37	0	0.0776	0.0000
acggt	25	0	0.0524	0.0000
cccga	28	0	0.0587	0.0000
actag	27	0	0.0566	0.0000
ccaca	39	0	0.0818	0.0000
cccgc	35	0	0.0734	0.0000
actat	29	0	0.0608	0.0000
ggaga	19	0	0.0398	0.0000
aatgt	36	0	0.0755	0.0000
ggagc	25	0	0.0524	0.0000
tgatg	73	0	0.1531	0.0000
gtaaa	55	0	0.1153	0.0000
gtaac	32	0	0.0671	0.0000
aacga	52	0	0.1090	0.0000
aacgc	79	0	0.1656	0.0000
aaaca	124	0	0.2600	0.0000
gtaag	38	0	0.0797	0.0000
tgatt	62	0	0.1300	0.0000
gcatg	44	0	0.0923	0.0000
aaacg	81	0	0.1698	0.0000
gggtg	24	0	0.0503	0.0000
accag	54	0	0.1132	0.0000
accaa	143	0	0.2998	0.0000
aaacc	127	0	0.2663	0.0000
accac	72	0	0.1510	0.0000
gtcct	8	0	0.0168	0.0000
aacgg	43	0	0.0902	0.0000
gcata	27	0	0.0566	0.0000
ttttt	192	0	0.4026	0.0000
gcatc	74	0	0.1552	0.0000
gggtc	12	0	0.0252	0.0000
gggta	25	0	0.0524	0.0000
accat	85	0	0.1782	0.0000
actcg	33	0	0.0692	0.0000
aacgt	40	0	0.0839	0.0000
actca	106	0	0.2222	0.0000
ggagt	11	0	0.0231	0.0000
aaact	69	0	0.1447	0.0000
actcc	26	0	0.0545	0.0000
tttta	104	0	0.2181	0.0000
ttttc	117	0	0.2453	0.0000
ggagg	24	0	0.0503	0.0000
ttttg	107	0	0.2243	0.0000
ttgct	93	0	0.1950	0.0000
tgtct	36	0	0.0755	0.0000
tactt	52	0	0.1090	0.0000
cgata	63	0	0.1321	0.0000
cgatc	25	0	0.0524	0.0000
tgcat	42	0	0.0881	0.0000
tgtcc	17	0	0.0356	0.0000
cgatg	64	0	0.1342	0.0000
tacta	30	0	0.0629	0.0000
ttgcg	54	0	0.1132	0.0000
tactc	64	0	0.1342	0.0000
tgtcg	26	0	0.0545	0.0000
tactg	26	0	0.0545	0.0000
gagat	41	0	0.0860	0.0000
ttgca	69	0	0.1447	0.0000
cgatt	51	0	0.1069	0.0000
ttgcc	70	0	0.1468	0.0000
tgccc	34	0	0.0713	0.0000
tgccg	29	0	0.0608	0.0000
gagct	46	0	0.0964	0.0000
gagcg	39	0	0.0818	0.0000
gagca	71	0	0.1489	0.0000
gagcc	48	0	0.1006	0.0000
tgcca	85	0	0.1782	0.0000
ctttt	133	0	0.2789	0.0000
tgcct	28	0	0.0587	0.0000
ctcta	42	0	0.0881	0.0000
tgaac	57	0	0.1195	0.0000
atagg	24	0	0.0503	0.0000
ataga	36	0	0.0755	0.0000
tgaag	53	0	0.1111	0.0000
atagc	45	0	0.0943	0.0000
tgtga	33	0	0.0692	0.0000
gagag	38	0	0.0797	0.0000
tgtgc	24	0	0.0503	0.0000
gagaa	47	0	0.0985	0.0000
atagt	21	0	0.0440	0.0000
gagac	29	0	0.0608	0.0000
cttta	74	0	0.1552	0.0000
agttc	31	0	0.0650	0.0000
ctttc	79	0	0.1656	0.0000
agtta	47	0	0.0985	0.0000
tgaaa	104	0	0.2181	0.0000
ctttg	102	0	0.2139	0.0000
atcct	22	0	0.0461	0.0000
cgctc	54	0	0.1132	0.0000
cgcta	32	0	0.0671	0.0000
agagc	62	0	0.1300	0.0000
cgctg	49	0	0.1027	0.0000
agaga	57	0	0.1195	0.0000
cgctt	80	0	0.1677	0.0000
agagg	40	0	0.0839	0.0000
ctgtg	22	0	0.0461	0.0000
cgttg	38	0	0.0797	0.0000
tcagg	22	0	0.0461	0.0000
ataaa	97	0	0.2034	0.0000
tgggc	34	0	0.0713	0.0000
tgggg	25	0	0.0524	0.0000
acata	31	0	0.0650	0.0000
aggta	29	0	0.0608	0.0000
ctgta	26	0	0.0545	0.0000
acatc	58	0	0.1216	0.0000
ctgtc	27	0	0.0566	0.0000
tcagt	38	0	0.0797	0.0000
agagt	29	0	0.0608	0.0000
attgc	71	0	0.1489	0.0000
cgttt	62	0	0.1300	0.0000
aggtg	24	0	0.0503	0.0000
attga	95	0	0.1992	0.0000
acatg	33	0	0.0692	0.0000
aggtc	18	0	0.0377	0.0000
ataag	54	0	0.1132	0.0000
acatt	64	0	0.1342	0.0000
tcaga	46	0	0.0964	0.0000
ataac	67	0	0.1405	0.0000
tggga	35	0	0.0734	0.0000
ctgtt	41	0	0.0860	0.0000
tcagc	81	0	0.1698	0.0000
ttgat	96	0	0.2013	0.0000
attgt	42	0	0.0881	0.0000
tatta	37	0	0.0776	0.0000
aggtt	42	0	0.0881	0.0000
tattc	50	0	0.1048	0.0000
tgtat	35	0	0.0734	0.0000
tcgtt	49	0	0.1027	0.0000
tattg	57	0	0.1195	0.0000
attgg	57	0	0.1195	0.0000
ataat	40	0	0.0839	0.0000
tgtac	15	0	0.0314	0.0000
ttgac	53	0	0.1111	0.0000
tgtaa	27	0	0.0566	0.0000
tgggt	23	0	0.0482	0.0000
tcgta	23	0	0.0482	0.0000
tgtag	20	0	0.0419	0.0000
ttgag	73	0	0.1531	0.0000
tcgtc	26	0	0.0545	0.0000
tcgtg	10	0	0.0210	0.0000
ttgaa	91	0	0.1908	0.0000
tgcac	54	0	0.1132	0.0000
atcgc	40	0	0.0839	0.0000
ataca	41	0	0.0860	0.0000
tgcaa	73	0	0.1531	0.0000
atacc	52	0	0.1090	0.0000
tgcag	25	0	0.0524	0.0000
atcga	75	0	0.1572	0.0000
tgtca	38	0	0.0797	0.0000
atcgt	36	0	0.0755	0.0000
atact	49	0	0.1027	0.0000
tattt	72	0	0.1510	0.0000
atcgg	24	0	0.0503	0.0000
atacg	34	0	0.0713	0.0000
acttg	62	0	0.1300	0.0000
acttc	38	0	0.0797	0.0000
aaatt	86	0	0.1803	0.0000
attag	24	0	0.0503	0.0000
ttcct	40	0	0.0839	0.0000
attaa	67	0	0.1405	0.0000
atggt	33	0	0.0692	0.0000
attac	67	0	0.1405	0.0000
agcga	66	0	0.1384	0.0000
acttt	92	0	0.1929	0.0000
agacg	38	0	0.0797	0.0000
ttcca	54	0	0.1132	0.0000
attat	39	0	0.0818	0.0000
agcgg	52	0	0.1090	0.0000
ttccc	33	0	0.0692	0.0000
agacc	26	0	0.0545	0.0000
agcgc	86	0	0.1803	0.0000
agaca	64	0	0.1342	0.0000
ttccg	26	0	0.0545	0.0000
ctact	36	0	0.0755	0.0000
tgagt	40	0	0.0839	0.0000
agact	29	0	0.0608	0.0000
accta	46	0	0.0964	0.0000
agcgt	48	0	0.1006	0.0000
tcata	47	0	0.0985	0.0000
acctg	23	0	0.0482	0.0000
attca	71	0	0.1489	0.0000
acctc	47	0	0.0985	0.0000
tgagc	71	0	0.1489	0.0000
tgaga	41	0	0.0860	0.0000
atcag	55	0	0.1153	0.0000
tgagg	31	0	0.0650	0.0000
atcaa	144	0	0.3019	0.0000
atcac	92	0	0.1929	0.0000
ctaga	38	0	0.0797	0.0000
tcatt	79	0	0.1656	0.0000
acctt	66	0	0.1384	0.0000
ctagc	27	0	0.0566	0.0000
tggtt	49	0	0.1027	0.0000
attcg	27	0	0.0566	0.0000
tttgc	104	0	0.2181	0.0000
ttaat	58	0	0.1216	0.0000
attcc	43	0	0.0902	0.0000
tttgg	68	0	0.1426	0.0000
atcat	85	0	0.1782	0.0000
tggtc	29	0	0.0608	0.0000
tcatc	75	0	0.1572	0.0000
tggta	35	0	0.0734	0.0000
ctagt	19	0	0.0398	0.0000
tggtg	38	0	0.0797	0.0000
tcatg	41	0	0.0860	0.0000
tttga	97	0	0.2034	0.0000
ctagg	13	0	0.0273	0.0000
ttaaa	105	0	0.2201	0.0000
ttaac	60	0	0.1258	0.0000
cgttc	50	0	0.1048	0.0000
cgtta	49	0	0.1027	0.0000
ttaag	41	0	0.0860	0.0000
attct	47	0	0.0985	0.0000
gtata	19	0	0.0398	0.0000
gtatc	35	0	0.0734	0.0000
atcca	54	0	0.1132	0.0000
ttcga	33	0	0.0692	0.0000
gtatg	20	0	0.0419	0.0000
ttcgc	38	0	0.0797	0.0000
ttaca	57	0	0.1195	0.0000
gtatt	35	0	0.0734	0.0000
tttgt	77	0	0.1614	0.0000
atccg	22	0	0.0461	0.0000
atccc	29	0	0.0608	0.0000
tctta	41	0	0.0860	0.0000
tttag	65	0	0.1363	0.0000
taatt	41	0	0.0860	0.0000
tcttc	50	0	0.1048	0.0000
aactt	77	0	0.1614	0.0000
atgct	48	0	0.1006	0.0000
tcttg	78	0	0.1635	0.0000
cgagt	26	0	0.0545	0.0000
ttggt	60	0	0.1258	0.0000
tttaa	93	0	0.1950	0.0000
tttac	78	0	0.1635	0.0000
ccata	41	0	0.0860	0.0000
cggtc	27	0	0.0566	0.0000
taata	43	0	0.0902	0.0000
ccatc	80	0	0.1677	0.0000
tgtgg	40	0	0.0839	0.0000
cggta	26	0	0.0545	0.0000
tgaat	51	0	0.1069	0.0000
taatc	45	0	0.0943	0.0000
cttga	75	0	0.1572	0.0000
cggtg	33	0	0.0692	0.0000
ccatg	51	0	0.1069	0.0000
cttgc	65	0	0.1363	0.0000
taatg	40	0	0.0839	0.0000
ctaaa	57	0	0.1195	0.0000
ttgga	38	0	0.0797	0.0000
agccc	56	0	0.1174	0.0000
ctaac	30	0	0.0629	0.0000
ttggc	75	0	0.1572	0.0000
agcca	104	0	0.2181	0.0000
tgtgt	27	0	0.0566	0.0000
ctaag	29	0	0.0608	0.0000
ttggg	53	0	0.1111	0.0000
tgacg	38	0	0.0797	0.0000
tgcgg	27	0	0.0566	0.0000
agccg	50	0	0.1048	0.0000
agcct	49	0	0.1027	0.0000
ctcct	27	0	0.0566	0.0000
tgact	28	0	0.0587	0.0000
tgcgt	28	0	0.0587	0.0000
tcttt	94	0	0.1971	0.0000
cgaga	37	0	0.0776	0.0000
tgcga	32	0	0.0671	0.0000
cgagc	43	0	0.0902	0.0000
tgacc	55	0	0.1153	0.0000
tgcgc	59	0	0.1237	0.0000
tttat	67	0	0.1405	0.0000
cgagg	28	0	0.0587	0.0000
tgaca	49	0	0.1027	0.0000
tttcg	49	0	0.1027	0.0000
tcctt	36	0	0.0755	0.0000
ctcga	49	0	0.1027	0.0000
ctaca	36	0	0.0755	0.0000
ctcgc	46	0	0.0964	0.0000
tttca	102	0	0.2139	0.0000
tttcc	62	0	0.1300	0.0000
ttcat	70	0	0.1468	0.0000
tccta	22	0	0.0461	0.0000
ttcag	45	0	0.0943	0.0000
tcctc	20	0	0.0419	0.0000
tcctg	22	0	0.0461	0.0000
ctcgt	24	0	0.0503	0.0000
ctacc	35	0	0.0734	0.0000
agaac	44	0	0.0923	0.0000
ttcaa	100	0	0.2097	0.0000
ctcgg	23	0	0.0482	0.0000
agaaa	105	0	0.2201	0.0000
ttcac	66	0	0.1384	0.0000
ctacg	26	0	0.0545	0.0000
cggtt	34	0	0.0713	0.0000
ccatt	81	0	0.1698	0.0000
gtcta	21	0	0.0440	0.0000
atgga	31	0	0.0650	0.0000
gtctc	25	0	0.0524	0.0000
agaag	50	0	0.1048	0.0000
gtctg	18	0	0.0377	0.0000
agtgg	27	0	0.0566	0.0000
agaat	31	0	0.0650	0.0000
aaata	69	0	0.1447	0.0000
cttgg	60	0	0.1258	0.0000
ctaat	33	0	0.0692	0.0000
agtgc	38	0	0.0797	0.0000
agtga	53	0	0.1111	0.0000
aaatg	58	0	0.1216	0.0000
aaatc	96	0	0.2013	0.0000
gtctt	34	0	0.0713	0.0000
cttgt	63	0	0.1321	0.0000
atggg	22	0	0.0461	0.0000
actta	53	0	0.1111	0.0000
tttct	103	0	0.2160	0.0000
agtgt	28	0	0.0587	0.0000
atggc	58	0	0.1216	0.0000
