Id	Length	nk15	nk17	nk19	nk21	nk23	nk25
ch176_file45	1722	6	3	0	0	0	0
ch452_file47	3181	7	3	1	0	0	0
ch78_file1	655	0	0	0	0	0	0
ch155_file35	753	1	1	1	1	0	0
ch162_file81	2692	12	8	5	3	1	1
ch249_file88	3706	18	14	5	2	0	0
ch110_file125	1504	7	4	3	3	1	1
ch155_file33	3717	11	6	4	2	1	1
ch406_file46	1858	3	1	0	0	0	0
ch415_file17	5247	27	16	8	7	2	1
ch14_file1	3916	25	18	10	5	3	2
ch281_file22	4260	8	6	2	1	0	0
ch303_file24	5359	29	22	12	11	4	3
ch181_file18	6075	40	23	15	6	3	2
ch302_file153	4095	11	6	2	1	1	1
ch360_file110	1479	5	2	0	0	0	0
ch162_file35	3319	15	10	8	5	4	3
ch351_file13	7699	29	17	12	8	5	3
ch42_file38	5629	7	3	1	0	0	0
ch422_file14	933	3	2	0	0	0	0
ch162_file45	6112	33	25	17	12	7	3
ch493_file9	3762	13	9	5	4	1	0
ch110_file173	1327	6	4	1	1	0	0
ch223_file50	5252	14	7	1	0	0	0
ch296_file33	6135	28	19	11	9	7	5
ch374_file36	1126	6	4	1	0	0	0
ch354_file31	3640	11	9	7	4	3	2
ch243_file36	5738	12	9	5	4	4	3
ch20_file78	4525	6	2	2	1	1	1
ch251_file28	2875	4	4	2	1	0	0
ch327_file6	1226	7	3	1	1	0	0
ch361_file8	5651	28	24	15	5	3	2
ch133_file53	2776	9	2	2	1	1	1
ch468_file5	6663	21	15	9	7	3	3
ch466_file127	7571	30	19	12	6	5	4
ch202_file142	5419	27	14	8	6	4	2
ch214_file130	6427	12	9	6	2	1	0
ch441_file28	1918	9	6	4	1	1	1
ch458_file160	5433	25	13	7	3	3	1
ch248_file81	2636	24	15	11	8	4	2
ch211_file29	4040	11	7	6	3	1	0
ch189_file3	1011	6	2	1	1	1	1
ch290_file73	1920	3	1	0	0	0	0
ch281_file8	6106	6	5	3	2	1	1
ch423_file16	1503	6	3	2	0	0	0
ch276_file133	6547	20	7	5	4	3	2
ch214_file143	3950	8	5	2	1	1	1
ch25_file571	1136	1	1	1	0	0	0
ch1_file119	1204	2	2	1	1	0	0
ch468_file28	5171	17	8	5	1	1	1
ch407_file35	5476	24	14	6	4	3	2
ch362_file10	1961	7	2	0	0	0	0
ch294_file30	4000	21	13	5	5	1	0
ch214_file40	3974	16	10	6	3	3	1
ch249_file23	5282	16	10	6	0	0	0
ch294_file1	1720	8	7	5	2	0	0
ch408_file15	1871	8	4	2	1	0	0
ch452_file7	2016	10	6	5	4	2	2
ch14_file4	2957	8	4	3	1	1	1
ch327_file106	4802	11	6	6	5	3	2
ch177_file2	3600	13	9	5	3	2	1
ch466_file109	6380	27	13	7	3	2	1
ch294_file4	8585	48	34	17	11	6	4
ch16_file11	5044	17	8	6	4	1	1
ch504_file44	1884	10	6	4	4	1	1
ch72_file74	895	8	6	3	2	2	2
ch149_file87	955	2	1	0	0	0	0
ch284_file3	5371	38	21	14	8	6	3
ch25_file29	900	2	1	0	0	0	0
ch133_file64	4575	1	0	0	0	0	0
ch25_file16	1505	7	1	1	1	1	0
ch53_file4	5065	13	8	7	5	4	4
ch9_file40	1548	3	1	0	0	0	0
ch285_file89	3371	8	2	2	1	0	0
ch314_file184	856	5	1	0	0	0	0
ch26_file75	4189	11	6	4	2	1	0
ch375_file17	6017	30	18	9	4	3	2
ch135_file40	3444	7	6	3	1	1	0
ch224_file43	8371	37	22	13	9	8	3
ch161_file152	973	6	4	1	1	1	1
ch161_file87	836	3	2	2	0	0	0
ch133_file36	5336	11	5	1	0	0	0
ch243_file84	3604	7	4	2	2	2	2
ch483_file9	592	4	2	1	0	0	0
ch328_file5	1311	5	1	1	0	0	0
ch351_file12	1245	4	2	0	0	0	0
ch302_file45	5428	16	10	6	2	2	1
ch178_file15	1749	6	3	1	1	1	0
ch455_file74	1636	5	5	3	2	1	0
ch254_file1	902	4	2	2	1	1	1
ch292_file25	4670	10	4	3	2	0	0
ch206_file5	2493	2	1	0	0	0	0
ch504_file17	1379	7	5	4	4	2	1
ch306_file123	4547	13	7	3	2	1	0
ch411_file19	2302	11	6	4	1	0	0
ch196_file4	732	1	0	0	0	0	0
ch336_file55	1095	5	1	1	1	1	1
ch211_file38	1395	9	5	4	3	1	1
ch375_file56	679	1	1	0	0	0	0
ch325_file2	3299	11	5	4	2	2	2
ch406_file74	4533	21	12	9	4	3	2
ch195_file0	7960	25	16	9	6	4	2
ch433_file121	3426	15	8	4	3	3	3
ch66_file130	6406	29	20	10	10	8	4
ch452_file18	2663	12	9	3	1	1	1
ch362_file35	1231	3	3	3	2	0	0
ch154_file97	4434	14	4	2	2	1	1
ch110_file39	5363	27	15	5	4	1	1
ch296_file10	1107	6	3	1	1	0	0
ch251_file113	9181	36	20	13	7	3	3
ch306_file57	5274	31	21	10	7	6	4
ch468_file145	4181	9	7	6	2	0	0
ch19_file2	4308	11	8	5	2	1	0
ch368_file83	5710	24	13	9	5	3	2
ch148_file4	1386	3	2	1	1	0	0
ch154_file15	1388	8	4	3	2	1	0
ch78_file40	2437	7	2	1	0	0	0
ch456_file13	4239	11	6	4	2	2	0
ch196_file29	1943	4	3	1	1	1	0
ch408_file28	2939	14	8	4	1	0	0
ch248_file32	5927	25	10	7	3	1	1
ch174_file4	4126	13	5	3	2	1	1
ch106_file4	3206	19	11	7	3	1	0
ch11_file127	6355	17	8	2	1	1	0
ch208_file195	4035	16	11	4	1	1	1
ch138_file178	5191	23	15	10	7	4	3
ch485_file39	3391	6	2	2	2	1	0
ch251_file41	585	3	2	1	1	0	0
ch303_file73	6062	24	12	9	7	5	4
ch336_file11	5586	31	17	10	7	5	2
ch168_file20	939	2	1	1	0	0	0
ch406_file140	3459	15	10	7	5	5	2
ch144_file74	5572	18	11	6	3	1	1
ch374_file20	6331	31	17	11	7	7	2
ch415_file103	5201	30	11	7	5	2	1
ch188_file34	8612	52	39	22	13	7	4
ch42_file57	1642	6	4	3	1	1	1
ch181_file7	1364	4	3	3	2	2	2
ch168_file26	2767	7	2	1	1	1	0
ch83_file13	3122	5	4	0	0	0	0
ch360_file247	1966	9	5	2	1	1	1
ch360_file23	4683	10	5	5	3	2	0
ch243_file33	1603	9	6	2	1	0	0
ch154_file86	5136	16	11	8	4	2	2
ch94_file113	3553	12	7	6	3	3	2
ch162_file55	3509	12	6	5	2	1	0
ch75_file5	4614	14	10	6	3	1	0
ch135_file4	3296	11	6	3	0	0	0
ch461_file72	3612	10	5	2	1	1	1
ch1_file104	4435	16	11	7	5	3	2
ch275_file20	1002	2	1	1	1	1	1
ch139_file41	2459	3	2	1	1	1	0
ch486_file4	4070	19	12	8	6	5	4
ch164_file125	4686	13	7	5	2	1	1
ch474_file49	4332	14	9	7	4	3	2
ch166_file29	1522	6	5	4	3	3	2
ch452_file79	2924	7	5	1	1	1	0
ch181_file61	3324	20	13	7	5	2	2
ch453_file58	2649	10	9	2	1	1	1
ch199_file98	1303	2	1	0	0	0	0
ch285_file15	4036	14	9	3	1	1	0
ch66_file275	2270	3	3	3	1	1	0
ch251_file16	3415	15	9	6	5	3	2
ch154_file90	6432	19	10	3	2	1	1
ch136_file37	5011	19	14	9	3	2	2
ch412_file8	7337	25	17	9	5	1	1
ch196_file14	2261	11	5	3	2	0	0
ch172_file52	1630	9	7	5	3	3	2
ch366_file30	4697	29	11	3	2	2	1
ch221_file7	2622	5	1	0	0	0	0
ch223_file25	1687	5	4	2	1	0	0
ch18_file134	601	1	1	1	0	0	0
ch170_file0	1361	3	1	1	0	0	0
ch361_file28	3044	6	3	3	2	1	1
ch510_file59	6044	14	7	6	2	0	0
ch423_file76	7916	21	11	8	2	1	1
ch405_file90	3794	11	5	4	2	1	1
ch181_file67	3865	12	7	5	2	2	0
ch216_file111	3254	8	5	1	1	1	0
ch314_file4	3372	17	11	6	2	2	1
ch248_file96	1449	1	1	1	1	0	0
ch223_file64	2225	7	3	2	0	0	0
ch248_file16	5650	25	13	7	2	1	1
ch468_file130	3760	17	10	6	4	3	1
ch441_file23	1704	10	7	6	2	2	2
ch324_file40	3895	9	4	3	1	1	1
ch1_file24	12018	45	24	12	7	6	2
ch224_file1	2616	5	3	2	1	1	0
ch281_file0	875	1	1	0	0	0	0
ch412_file22	1373	1	0	0	0	0	0
ch465_file55	766	2	1	0	0	0	0
ch214_file12	9134	36	20	13	11	7	1
ch144_file37	5710	15	8	5	3	2	0
ch149_file8	2375	12	5	3	3	3	2
ch18_file25	826	2	2	2	1	1	0
ch198_file37	5276	24	9	7	4	4	2
ch251_file15	3092	10	7	3	2	1	1
ch407_file43	6450	16	10	8	5	3	2
ch442_file94	5934	26	17	9	6	5	4
ch20_file2	539	0	0	0	0	0	0
ch139_file34	2884	5	2	1	0	0	0
ch281_file60	4756	13	7	6	3	2	1
ch1_file23	5209	11	6	4	0	0	0
ch286_file93	4360	18	13	11	6	3	0
ch19_file9	2628	7	5	3	1	1	1
ch202_file20	5749	15	10	5	4	1	0
ch327_file62	300	2	0	0	0	0	0
ch512_file21	2419	11	6	4	1	1	1
ch481_file7	6313	23	9	3	0	0	0
ch360_file97	1907	10	5	3	3	2	1
ch154_file122	2288	5	4	1	1	1	0
ch66_file109	1248	3	1	0	0	0	0
ch187_file3	3275	18	9	3	1	1	0
ch286_file160	2498	18	11	7	4	2	1
ch223_file14	4049	15	8	4	3	3	1
ch1_file103	6242	19	12	7	4	1	0
ch294_file16	2522	16	8	6	1	0	0
ch248_file10	782	3	2	0	0	0	0
ch474_file67	4199	20	11	4	1	1	1
ch453_file96	5919	18	14	6	5	4	1
ch294_file155	4639	24	11	4	1	1	1
ch351_file19	2195	7	5	4	2	2	1
ch219_file9	1608	11	7	4	3	2	1
ch1_file74	7592	26	19	10	8	5	3
ch146_file1	3146	19	16	9	8	5	2
ch172_file66	1070	2	2	0	0	0	0
ch360_file4	1790	7	4	2	1	1	1
ch202_file14	5265	21	12	4	3	2	0
ch19_file194	2428	10	6	3	2	2	2
ch286_file108	2851	8	2	2	2	1	1
ch134_file17	8180	29	17	10	4	3	1
ch184_file115	7792	24	10	8	2	1	0
ch94_file149	1542	7	2	0	0	0	0
ch75_file90	7072	17	9	6	3	3	1
ch164_file61	3743	7	5	4	3	2	1
ch286_file2	1719	7	5	1	0	0	0
ch106_file237	4521	10	6	4	0	0	0
ch406_file144	9409	24	14	11	5	4	2
ch66_file52	4609	16	8	7	5	5	2
ch452_file143	3519	13	6	4	4	1	1
ch4_file127	1670	5	2	1	1	1	1
ch281_file53	3860	15	5	3	0	0	0
ch26_file19	1194	1	0	0	0	0	0
ch243_file5	2196	6	4	3	2	1	0
ch180_file151	7778	33	19	13	8	6	4
ch426_file89	963	5	3	1	0	0	0
ch11_file1	904	0	0	0	0	0	0
ch426_file81	3148	11	6	4	1	1	0
ch488_file38	2488	3	3	2	1	1	1
ch253_file41	3827	13	6	4	2	1	0
ch411_file59	2601	5	3	1	0	0	0
ch456_file9	659	2	1	1	1	1	1
ch290_file0	2188	6	1	1	1	1	0
ch423_file3	7570	41	25	18	13	6	4
ch285_file0	2736	9	5	4	1	1	1
ch355_file34	4435	18	9	8	7	5	1
ch140_file48	3499	10	5	3	1	1	1
ch91_file13	1276	2	1	1	1	1	0
ch285_file18	1939	3	3	1	0	0	0
ch214_file53	6190	26	16	8	4	3	3
ch99_file7	3531	15	10	8	5	3	2
ch85_file225	7376	28	16	9	3	1	1
ch292_file74	3403	19	9	6	2	1	0
ch135_file7	1363	4	2	2	1	1	0
ch374_file18	7537	40	22	10	4	3	2
ch327_file150	1940	6	3	0	0	0	0
ch75_file14	7702	13	8	2	2	2	1
ch202_file128	6265	19	10	5	3	2	1
ch181_file31	7476	34	23	17	9	5	4
ch441_file17	4038	22	13	8	7	2	2
ch135_file43	2870	8	5	3	2	2	1
ch452_file85	5869	16	10	9	6	3	1
ch281_file46	5159	6	4	4	2	0	0
ch100_file7	1376	4	4	2	1	1	0
ch214_file153	2151	7	5	3	2	0	0
ch84_file10	1769	6	4	1	1	0	0
ch154_file38	3547	8	3	1	1	0	0
ch361_file21	3449	15	13	7	3	1	1
ch58_file16	9136	49	30	18	13	8	4
ch362_file13	6870	21	10	8	6	3	3
ch140_file26	5844	21	14	10	6	2	0
ch276_file86	5087	9	3	2	1	0	0
ch466_file79	3200	17	9	5	2	0	0
ch300_file94	2346	4	2	2	1	0	0
ch284_file64	2439	4	3	2	2	1	1
ch336_file63	3520	9	7	3	2	1	1
ch136_file14	1315	7	1	1	1	0	0
ch86_file82	672	1	1	0	0	0	0
ch243_file77	4725	15	7	0	0	0	0
ch157_file54	4761	16	5	3	0	0	0
ch286_file109	6948	20	13	5	3	2	2
ch214_file65	5692	14	9	5	1	1	1
ch498_file3	3918	18	10	8	4	2	2
ch208_file15	1419	3	2	2	2	2	1
ch26_file113	8247	43	32	21	14	7	4
ch286_file165	3089	10	6	2	1	1	1
ch59_file5	1005	3	2	2	1	1	1
ch181_file12	3842	12	2	1	1	0	0
ch178_file6	4012	16	9	6	4	1	1
ch366_file15	1347	8	5	2	1	0	0
ch366_file1	2508	14	8	4	1	1	1
ch155_file5	3746	10	5	3	2	1	1
ch66_file310	1463	5	4	3	2	0	0
ch199_file12	3527	16	8	4	2	1	1
ch18_file116	5418	11	5	3	0	0	0
ch485_file65	1006	2	2	2	0	0	0
ch202_file199	4467	18	12	6	4	2	2
ch461_file64	7391	18	10	8	5	2	1
ch300_file16	6001	43	27	16	11	7	5
ch53_file17	7582	38	25	14	11	7	6
ch61_file18	3906	20	11	5	4	3	1
ch367_file143	2851	10	3	2	2	2	2
ch253_file50	4054	11	5	1	1	1	1
ch108_file37	1242	6	3	1	1	0	0
ch181_file5	1998	6	3	2	2	1	0
ch215_file125	3861	10	4	2	2	1	1
ch285_file20	7290	26	15	8	4	3	2
ch336_file19	948	3	1	1	1	0	0
ch140_file50	4394	16	10	4	2	1	1
ch195_file13	2752	10	5	4	1	1	1
ch415_file29	4546	20	11	9	3	3	3
ch281_file14	3989	10	8	5	4	4	2
ch224_file62	2014	4	1	0	0	0	0
ch18_file177	3365	14	7	5	1	1	1
ch155_file51	1126	1	1	1	1	1	0
ch166_file5	1694	5	4	2	1	0	0
ch156_file57	7457	19	13	9	5	4	4
ch138_file37	2432	7	4	3	1	1	1
ch179_file9	2364	15	7	5	3	2	0
ch139_file24	1353	2	2	1	1	1	0
ch101_file16	4480	25	18	11	8	3	1
ch84_file34	461	2	1	1	1	1	1
ch98_file65	1314	4	2	1	1	1	0
ch354_file16	4081	16	9	7	6	3	2
ch512_file50	1419	2	0	0	0	0	0
ch327_file84	3666	17	11	7	3	1	0
ch110_file8	1354	1	1	1	1	0	0
ch75_file134	6612	21	11	4	4	3	2
ch422_file56	3530	9	5	3	1	0	0
ch433_file11	5661	22	9	9	5	2	1
ch61_file24	2342	1	0	0	0	0	0
ch422_file26	2019	4	2	1	0	0	0
ch327_file43	5510	19	9	5	2	2	0
ch284_file18	5653	15	8	5	3	2	2
ch360_file53	4128	20	10	8	4	4	3
ch18_file87	5086	9	3	1	1	0	0
ch68_file141	3697	10	8	3	2	1	1
ch223_file85	1076	3	0	0	0	0	0
ch367_file134	6244	29	19	12	8	8	4
ch176_file108	3350	11	7	3	2	0	0
ch327_file4	4219	18	14	5	4	3	1
ch281_file131	3837	7	5	4	2	1	1
ch84_file87	3462	11	5	3	2	1	0
ch486_file11	4493	19	11	4	3	3	0
ch155_file208	7614	27	13	10	5	2	1
ch139_file35	781	2	1	0	0	0	0
ch302_file32	3457	20	14	12	7	1	0
ch281_file21	1860	3	1	1	0	0	0
ch366_file44	1118	8	5	4	3	3	1
ch285_file41	807	3	3	1	1	0	0
ch456_file18	4482	20	14	7	6	4	3
ch160_file18	849	3	2	2	1	0	0
ch154_file119	7558	30	22	15	8	3	0
ch436_file14	2455	6	5	1	0	0	0
ch136_file24	2712	9	7	2	1	0	0
ch505_file145	5178	14	10	6	5	5	4
ch136_file92	4643	12	10	4	2	2	1
ch512_file2	880	2	2	2	2	2	1
ch248_file15	808	2	1	1	1	1	0
ch90_file19	3982	10	8	3	2	2	1
ch453_file99	4930	16	10	6	2	2	2
ch216_file147	5142	17	10	5	4	3	3
ch450_file123	3987	23	14	9	4	3	3
ch291_file20	3271	11	9	3	2	2	0
ch202_file6	5224	17	9	8	4	4	1
ch218_file117	4724	15	10	7	2	0	0
ch284_file15	5068	17	10	4	2	2	2
ch26_file18	3456	17	10	7	3	2	2
ch327_file141	1726	6	5	3	0	0	0
ch214_file68	2184	5	1	0	0	0	0
ch215_file8	7387	35	20	11	6	4	3
ch494_file101	2300	5	4	3	3	1	1
ch453_file54	687	0	0	0	0	0	0
ch374_file158	8027	22	10	9	4	2	2
ch292_file18	3866	10	6	4	2	1	1
ch66_file62	2703	10	7	3	2	1	1
ch290_file21	795	4	3	1	0	0	0
ch9_file30	1644	2	2	1	0	0	0
ch195_file128	3931	20	10	3	2	1	1
ch138_file0	3273	4	4	0	0	0	0
ch415_file76	4294	13	5	3	2	1	1
ch68_file26	2237	6	2	2	1	0	0
ch405_file34	3469	18	9	3	0	0	0
ch421_file13	5772	12	8	3	2	1	1
ch1_file149	2229	11	6	2	2	1	1
ch166_file57	6654	35	26	12	6	4	1
ch512_file27	1510	8	2	1	0	0	0
ch136_file11	2906	3	2	1	1	1	1
ch281_file76	4600	10	5	3	3	2	1
ch354_file2	2846	17	10	5	4	4	3
ch351_file49	4026	7	4	3	0	0	0
ch195_file76	5610	17	10	5	2	2	0
ch139_file63	1514	4	2	0	0	0	0
ch77_file19	2742	7	4	3	2	2	0
ch328_file9	1284	4	0	0	0	0	0
ch243_file82	2577	7	5	3	3	3	1
ch133_file40	4873	8	5	3	2	0	0
ch300_file9	1092	2	1	1	0	0	0
ch84_file70	6729	25	16	12	10	9	7
ch335_file147	1658	5	3	3	2	1	1
ch367_file17	1480	7	5	4	2	2	2
ch249_file77	3287	4	2	0	0	0	0
ch48_file7	5690	12	7	4	3	2	2
ch57_file5	4282	8	3	1	1	0	0
ch244_file5	9840	65	41	30	20	10	7
ch136_file23	3321	16	13	7	3	2	2
ch149_file12	5836	12	6	4	2	0	0
ch407_file38	2581	12	7	4	3	2	2
ch20_file1	1103	2	1	0	0	0	0
ch53_file21	4246	12	9	5	3	2	2
ch361_file15	1191	4	2	1	0	0	0
ch509_file57	3390	9	3	1	0	0	0
ch196_file56	4321	16	11	4	1	0	0
ch101_file9	8499	24	15	9	4	4	2
ch140_file54	1415	3	3	0	0	0	0
ch375_file27	4169	18	13	6	5	5	3
ch450_file35	4371	31	21	11	10	10	9
ch84_file103	3762	15	11	7	1	0	0
ch406_file47	5738	11	6	4	1	0	0
ch434_file9	4456	8	5	4	3	1	1
ch434_file16	2071	15	9	6	3	2	1
ch306_file109	1509	5	1	0	0	0	0
ch368_file14	5208	30	18	11	8	6	5
ch306_file46	4518	20	12	8	6	4	3
ch336_file34	3980	15	9	5	4	3	3
ch509_file5	3957	25	14	7	5	4	2
ch75_file62	3813	12	7	4	1	1	1
ch139_file10	4888	17	8	6	3	2	2
ch325_file26	1429	5	2	1	1	1	1
ch17_file5	3872	10	5	4	2	1	0
ch11_file198	4072	13	8	5	3	3	2
ch449_file50	3336	10	4	2	1	1	1
ch326_file112	1632	4	1	0	0	0	0
ch83_file3	6737	33	22	14	7	2	2
ch160_file5	3279	5	1	1	0	0	0
ch199_file50	2794	14	8	3	2	1	1
ch314_file53	1742	3	0	0	0	0	0
ch136_file20	4639	10	8	3	3	0	0
ch354_file9	2689	13	9	6	5	2	0
ch179_file90	4222	2	2	2	1	1	0
ch26_file131	5543	25	16	11	8	6	3
ch326_file4	4061	7	3	2	1	0	0
ch253_file21	5708	41	21	10	9	5	2
ch453_file93	5947	22	9	4	4	2	1
ch214_file35	3412	15	8	6	3	1	0
ch450_file164	2104	9	6	4	3	1	1
ch276_file108	3022	5	3	2	2	0	0
ch94_file204	4440	7	3	3	2	1	1
ch214_file76	4929	24	15	8	2	0	0
ch292_file49	4153	20	14	8	4	4	4
ch481_file25	4301	22	17	13	6	5	3
ch296_file23	1112	4	0	0	0	0	0
ch449_file1	521	1	0	0	0	0	0
ch466_file113	3030	6	4	1	0	0	0
ch468_file34	2987	6	3	1	0	0	0
ch248_file107	2210	6	6	2	2	0	0
ch66_file298	3002	9	6	2	1	0	0
ch328_file94	3853	11	5	3	3	2	0
ch416_file21	3851	11	8	5	5	1	1
ch26_file36	5903	14	8	5	2	1	1
ch375_file73	7129	28	17	10	9	5	4
ch408_file8	3442	8	6	6	3	1	1
ch85_file155	4581	13	9	7	3	3	0
ch140_file60	1231	2	1	1	1	0	0
ch368_file80	3130	11	5	3	2	1	1
ch224_file104	1041	2	2	1	1	0	0
ch11_file133	4035	6	4	1	1	0	0
ch196_file26	4828	8	6	3	2	0	0
ch450_file50	3501	7	2	2	2	0	0
