Id	Length	nk15	nk17	nk19	nk21	nk23	nk25
ch294_file4	8415	0	0	0	0	0	0
ch275_file20	959	0	0	0	0	0	0
ch286_file108	2883	0	0	0	0	0	0
ch164_file61	3998	0	0	0	0	0	0
ch433_file11	5967	0	0	0	0	0	0
ch434_file9	4383	0	0	0	0	0	0
ch110_file173	1253	0	0	0	0	0	0
ch243_file33	1826	0	0	0	0	0	0
ch196_file56	4530	0	0	0	0	0	0
ch421_file13	5995	0	0	0	0	0	0
ch1_file24	12165	0	0	0	0	0	0
ch140_file48	3591	0	0	0	0	0	0
ch374_file158	8234	0	0	0	0	0	0
ch284_file3	5295	0	0	0	0	0	0
ch214_file65	5520	0	0	0	0	0	0
ch11_file198	4203	0	0	0	0	0	0
ch249_file77	3701	0	0	0	0	0	0
ch281_file14	4074	0	0	0	0	0	0
ch17_file5	3983	0	0	0	0	0	0
ch512_file50	1538	0	0	0	0	0	0
ch276_file133	6597	0	0	0	0	0	0
ch144_file37	5711	0	0	0	0	0	0
ch66_file109	1309	0	0	0	0	0	0
ch286_file165	3263	0	0	0	0	0	0
ch139_file10	5444	0	0	0	0	0	0
ch335_file147	1624	0	0	0	0	0	0
ch211_file29	4177	0	0	0	0	0	0
ch206_file5	2410	0	0	0	0	0	0
ch215_file125	3594	0	0	0	0	0	0
ch452_file85	5794	0	0	0	0	0	0
ch407_file38	2692	0	0	0	0	0	0
ch449_file50	3493	0	0	0	0	0	0
ch154_file90	6358	0	0	0	0	0	0
ch75_file14	8256	0	0	0	0	0	0
ch351_file12	1347	0	0	0	0	0	0
ch368_file14	5571	0	0	0	0	0	0
ch202_file128	6527	0	0	0	0	0	0
ch412_file8	7616	0	0	0	0	0	0
ch11_file133	4338	0	0	0	0	0	0
ch251_file41	568	0	0	0	0	0	0
ch466_file79	3297	0	0	0	0	0	0
ch362_file13	7103	0	0	0	0	0	0
ch360_file247	2014	0	0	0	0	0	0
ch66_file275	2196	0	0	0	0	0	0
ch243_file36	4299	0	0	0	0	0	0
ch374_file18	7898	0	0	0	0	0	0
ch178_file6	4573	0	0	0	0	0	0
ch300_file9	1032	0	0	0	0	0	0
ch61_file24	2423	0	0	0	0	0	0
ch84_file87	3583	0	0	0	0	0	0
ch196_file29	2356	0	0	0	0	0	0
ch66_file298	2923	0	0	0	0	0	0
ch53_file4	5305	0	0	0	0	0	0
ch181_file31	7527	0	0	0	0	0	0
ch510_file59	6133	0	0	0	0	0	0
ch42_file38	5944	0	0	0	0	0	0
ch101_file16	4885	0	0	0	0	0	0
ch26_file131	5771	0	0	0	0	0	0
ch468_file28	5430	0	0	0	0	0	0
ch139_file24	1354	0	0	0	0	0	0
ch214_file153	2146	0	0	0	0	0	0
ch251_file113	9585	0	0	0	0	0	0
ch195_file0	8071	0	0	0	0	0	0
ch281_file8	5831	0	0	0	0	0	0
ch154_file97	4754	0	0	0	0	0	0
ch493_file9	3891	0	0	0	0	0	0
ch84_file103	3661	0	0	0	0	0	0
ch244_file5	10239	0	0	0	0	0	0
ch20_file2	458	0	0	0	0	0	0
ch281_file53	4190	0	0	0	0	0	0
ch253_file41	3965	0	0	0	0	0	0
ch94_file204	4586	0	0	0	0	0	0
ch327_file6	1233	0	0	0	0	0	0
ch485_file39	3549	0	0	0	0	0	0
ch214_file76	4938	0	0	0	0	0	0
ch509_file5	4018	0	0	0	0	0	0
ch223_file50	5338	0	0	0	0	0	0
ch208_file195	4244	0	0	0	0	0	0
ch302_file153	4090	0	0	0	0	0	0
ch110_file125	1466	0	0	0	0	0	0
ch351_file13	7793	0	0	0	0	0	0
ch146_file1	3074	0	0	0	0	0	0
ch83_file3	7033	0	0	0	0	0	0
ch456_file9	588	0	0	0	0	0	0
ch1_file149	2251	0	0	0	0	0	0
ch101_file9	8782	0	0	0	0	0	0
ch16_file11	5319	0	0	0	0	0	0
ch281_file0	837	0	0	0	0	0	0
ch140_file60	1238	0	0	0	0	0	0
ch276_file108	3029	0	0	0	0	0	0
ch184_file115	7884	0	0	0	0	0	0
ch223_file64	2250	0	0	0	0	0	0
ch436_file14	2676	0	0	0	0	0	0
ch325_file2	3229	0	0	0	0	0	0
ch224_file104	1003	0	0	0	0	0	0
ch53_file17	7928	0	0	0	0	0	0
ch84_file10	1748	0	0	0	0	0	0
ch195_file128	4079	0	0	0	0	0	0
ch474_file49	4487	0	0	0	0	0	0
ch327_file4	4098	0	0	0	0	0	0
ch208_file15	1387	0	0	0	0	0	0
ch281_file60	5121	0	0	0	0	0	0
ch61_file18	4025	0	0	0	0	0	0
ch248_file16	5865	0	0	0	0	0	0
ch306_file46	4687	0	0	0	0	0	0
ch302_file45	6306	0	0	0	0	0	0
ch374_file20	6295	0	0	0	0	0	0
ch286_file109	7378	0	0	0	0	0	0
ch294_file1	1707	0	0	0	0	0	0
ch155_file5	3963	0	0	0	0	0	0
ch411_file19	2096	0	0	0	0	0	0
ch216_file147	5294	0	0	0	0	0	0
ch281_file131	4034	0	0	0	0	0	0
ch166_file29	1485	0	0	0	0	0	0
ch189_file3	1022	0	0	0	0	0	0
ch326_file4	4124	0	0	0	0	0	0
ch18_file116	5696	0	0	0	0	0	0
ch176_file45	1758	0	0	0	0	0	0
ch504_file17	1289	0	0	0	0	0	0
ch441_file17	4283	0	0	0	0	0	0
ch180_file151	5589	0	0	0	0	0	0
ch426_file81	3205	0	0	0	0	0	0
ch179_file90	4952	0	0	0	0	0	0
ch306_file123	4360	0	0	0	0	0	0
ch452_file18	2760	0	0	0	0	0	0
ch324_file40	3840	0	0	0	0	0	0
ch243_file77	5013	0	0	0	0	0	0
ch328_file9	1307	0	0	0	0	0	0
ch306_file109	1538	0	0	0	0	0	0
ch14_file1	4023	0	0	0	0	0	0
ch181_file18	5959	0	0	0	0	0	0
ch368_file83	6019	0	0	0	0	0	0
ch164_file125	4497	0	0	0	0	0	0
ch361_file21	3360	0	0	0	0	0	0
ch20_file78	4728	0	0	0	0	0	0
ch422_file56	3572	0	0	0	0	0	0
ch136_file92	4940	0	0	0	0	0	0
ch144_file74	5790	0	0	0	0	0	0
ch300_file16	6098	0	0	0	0	0	0
ch195_file13	2914	0	0	0	0	0	0
ch292_file18	4433	0	0	0	0	0	0
ch375_file73	7562	0	0	0	0	0	0
ch442_file94	6262	0	0	0	0	0	0
ch106_file237	4261	0	0	0	0	0	0
ch285_file0	2733	0	0	0	0	0	0
ch19_file2	4524	0	0	0	0	0	0
ch1_file23	5465	0	0	0	0	0	0
ch181_file67	2535	0	0	0	0	0	0
ch83_file13	3223	0	0	0	0	0	0
ch452_file47	3289	0	0	0	0	0	0
ch253_file21	5682	0	0	0	0	0	0
ch481_file7	7133	0	0	0	0	0	0
ch19_file194	2498	0	0	0	0	0	0
ch336_file63	3892	0	0	0	0	0	0
ch4_file127	1746	0	0	0	0	0	0
ch162_file81	2652	0	0	0	0	0	0
ch285_file20	7475	0	0	0	0	0	0
ch354_file31	3619	0	0	0	0	0	0
ch450_file50	3628	0	0	0	0	0	0
ch221_file7	2709	0	0	0	0	0	0
ch248_file81	2737	0	0	0	0	0	0
ch223_file25	1716	0	0	0	0	0	0
ch154_file119	7620	0	0	0	0	0	0
ch306_file57	5420	0	0	0	0	0	0
ch110_file8	1350	0	0	0	0	0	0
ch9_file30	1735	0	0	0	0	0	0
ch423_file3	7510	0	0	0	0	0	0
ch66_file52	4814	0	0	0	0	0	0
ch360_file23	5003	0	0	0	0	0	0
ch411_file59	2523	0	0	0	0	0	0
ch85_file155	4672	0	0	0	0	0	0
ch474_file62	1395	0	0	0	0	0	0
ch248_file32	6054	0	0	0	0	0	0
ch407_file43	7513	0	0	0	0	0	0
ch455_file74	1614	0	0	0	0	0	0
ch135_file43	2670	0	0	0	0	0	0
ch433_file121	3586	0	0	0	0	0	0
ch325_file26	1402	0	0	0	0	0	0
ch407_file35	5586	0	0	0	0	0	0
ch453_file99	5480	0	0	0	0	0	0
ch450_file164	2213	0	0	0	0	0	0
ch66_file62	2834	0	0	0	0	0	0
ch408_file28	3010	0	0	0	0	0	0
ch281_file22	4757	0	0	0	0	0	0
ch453_file93	6091	0	0	0	0	0	0
ch75_file5	4771	0	0	0	0	0	0
ch286_file93	4373	0	0	0	0	0	0
ch66_file130	6550	0	0	0	0	0	0
ch136_file23	3447	0	0	0	0	0	0
ch136_file11	3010	0	0	0	0	0	0
ch314_file53	1810	0	0	0	0	0	0
ch94_file149	1546	0	0	0	0	0	0
ch366_file44	1091	0	0	0	0	0	0
ch314_file4	3412	0	0	0	0	0	0
ch155_file35	673	0	0	0	0	0	0
ch367_file17	1436	0	0	0	0	0	0
ch224_file43	9049	0	0	0	0	0	0
ch26_file36	6306	0	0	0	0	0	0
ch354_file16	4217	0	0	0	0	0	0
ch110_file39	5413	0	0	0	0	0	0
ch351_file49	4325	0	0	0	0	0	0
ch196_file4	693	0	0	0	0	0	0
ch405_file90	3961	0	0	0	0	0	0
ch202_file142	5442	0	0	0	0	0	0
ch327_file43	5495	0	0	0	0	0	0
ch481_file25	4354	0	0	0	0	0	0
ch405_file34	3553	0	0	0	0	0	0
ch219_file9	1582	0	0	0	0	0	0
ch133_file40	4971	0	0	0	0	0	0
ch133_file36	5317	0	0	0	0	0	0
ch215_file8	7666	0	0	0	0	0	0
ch214_file53	6321	0	0	0	0	0	0
ch406_file47	5794	0	0	0	0	0	0
ch170_file0	1333	0	0	0	0	0	0
ch251_file16	3526	0	0	0	0	0	0
ch156_file57	4823	0	0	0	0	0	0
ch486_file4	4231	0	0	0	0	0	0
ch26_file75	4396	0	0	0	0	0	0
ch181_file61	3258	0	0	0	0	0	0
ch202_file14	5579	0	0	0	0	0	0
ch198_file37	5282	0	0	0	0	0	0
ch468_file5	7217	0	0	0	0	0	0
ch224_file1	2657	0	0	0	0	0	0
ch166_file5	2051	0	0	0	0	0	0
ch284_file15	5260	0	0	0	0	0	0
ch294_file30	3974	0	0	0	0	0	0
ch423_file16	1625	0	0	0	0	0	0
ch415_file17	5275	0	0	0	0	0	0
ch327_file106	5242	0	0	0	0	0	0
ch361_file8	6155	0	0	0	0	0	0
ch48_file7	3709	0	0	0	0	0	0
ch187_file3	3341	0	0	0	0	0	0
ch366_file15	1345	0	0	0	0	0	0
ch294_file155	4482	0	0	0	0	0	0
ch98_file65	1252	0	0	0	0	0	0
ch25_file16	1391	0	0	0	0	0	0
ch1_file104	4692	0	0	0	0	0	0
ch139_file41	2552	0	0	0	0	0	0
ch367_file134	6377	0	0	0	0	0	0
ch453_file58	2700	0	0	0	0	0	0
ch468_file130	3855	0	0	0	0	0	0
ch483_file9	546	0	0	0	0	0	0
ch468_file145	4357	0	0	0	0	0	0
ch327_file141	1696	0	0	0	0	0	0
ch68_file141	3594	0	0	0	0	0	0
ch94_file113	3667	0	0	0	0	0	0
ch166_file57	6602	0	0	0	0	0	0
ch290_file0	2307	0	0	0	0	0	0
ch453_file96	5866	0	0	0	0	0	0
ch218_file117	4935	0	0	0	0	0	0
