Kmer	RefCount	ReadCount	RefPc	ReadPc
CTCTA	0	39	0.0000	0.0706
CTTTT	9	74	0.2529	0.1340
CTCTT	2	65	0.0562	0.1177
CTCTG	4	59	0.1124	0.1069
CTCTC	3	75	0.0843	0.1358
GAGGA	0	94	0.0000	0.1703
CGATG	8	80	0.2248	0.1449
GCGAA	1	52	0.0281	0.0942
GCGAC	2	33	0.0562	0.0598
GAGGG	4	68	0.1124	0.1232
CGATT	2	57	0.0562	0.1032
GAGGC	2	60	0.0562	0.1087
ATGTT	9	60	0.2529	0.1087
AGTTG	4	59	0.1124	0.1069
GCGAT	3	60	0.0843	0.1087
ATGTC	3	44	0.0843	0.0797
GCGAG	1	68	0.0281	0.1232
ATGTA	7	35	0.1967	0.0634
CGATA	3	49	0.0843	0.0888
GATAC	2	36	0.0562	0.0652
AGTTT	2	35	0.0562	0.0634
ATGTG	6	62	0.1686	0.1123
CGATC	1	48	0.0281	0.0869
GATAA	5	80	0.1405	0.1449
GAGGT	1	38	0.0281	0.0688
ATAGT	4	30	0.1124	0.0543
CTTTG	1	89	0.0281	0.1612
CTTTC	2	75	0.0562	0.1358
CTTTA	4	92	0.1124	0.1666
GATAG	2	38	0.0562	0.0688
AGTTC	4	31	0.1124	0.0562
GATAT	5	57	0.1405	0.1032
AGTTA	2	34	0.0562	0.0616
ATAGC	1	39	0.0281	0.0706
ATAGA	3	38	0.0843	0.0688
ATAGG	1	40	0.0281	0.0725
GCGCA	2	47	0.0562	0.0851
GCGCC	3	38	0.0843	0.0688
GCGCG	3	74	0.0843	0.1340
GACAG	4	45	0.1124	0.0815
GACAC	2	27	0.0562	0.0489
GACAA	2	35	0.0562	0.0634
AGGTT	1	26	0.0281	0.0471
GCGCT	5	55	0.1405	0.0996
ATTGT	6	66	0.1686	0.1195
GATCG	2	50	0.0562	0.0906
ATTGG	4	48	0.1124	0.0869
ATAAT	9	91	0.2529	0.1648
GACAT	3	50	0.0843	0.0906
GATCC	1	37	0.0281	0.0670
GATCA	4	67	0.1124	0.1214
ATTGA	5	94	0.1405	0.1703
AGGTG	2	26	0.0562	0.0471
ACATG	4	62	0.1124	0.1123
AGGTC	0	23	0.0000	0.0417
ATTGC	5	57	0.1405	0.1032
ATAAC	4	62	0.1124	0.1123
ACATT	2	48	0.0562	0.0869
GATCT	1	48	0.0281	0.0869
ATAAG	4	34	0.1124	0.0616
ATAAA	4	52	0.1124	0.0942
AGGTA	2	41	0.0562	0.0743
AGAGT	2	48	0.0562	0.0869
ACATC	4	63	0.1124	0.1141
ACATA	1	37	0.0281	0.0670
GACCA	0	36	0.0000	0.0652
CGCTG	6	45	0.1686	0.0815
TTATT	9	113	0.2529	0.2047
GACCG	1	34	0.0281	0.0616
CGCTT	6	42	0.1686	0.0761
GACCC	2	38	0.0562	0.0688
CGCTA	4	44	0.1124	0.0797
GACCT	4	46	0.1124	0.0833
CGCTC	2	44	0.0562	0.0797
ATACT	0	50	0.0000	0.0906
ATCGT	9	98	0.2529	0.1775
ATACG	2	39	0.0562	0.0706
ATCGG	5	66	0.1405	0.1195
ATCGA	6	50	0.1686	0.0906
ATACC	1	35	0.0281	0.0634
ATCGC	1	37	0.0281	0.0670
ATACA	4	56	0.1124	0.1014
GAAAA	7	76	0.1967	0.1377
GCGGG	5	74	0.1405	0.1340
CTAGG	0	29	0.0000	0.0525
ATTCT	3	79	0.0843	0.1431
CTAGT	1	34	0.0281	0.0616
GAAAG	5	43	0.1405	0.0779
CGTTA	3	46	0.0843	0.0833
GCGGA	4	67	0.1124	0.1214
CGTTC	1	40	0.0281	0.0725
GAAAC	2	59	0.0562	0.1069
GCGGC	3	80	0.0843	0.1449
GCTAA	5	51	0.1405	0.0924
GCGGT	2	55	0.0562	0.0996
GATGC	10	114	0.2810	0.2065
GCTAC	3	47	0.0843	0.0851
ACCTT	5	54	0.1405	0.0978
GATGA	6	73	0.1686	0.1322
GCTAG	2	52	0.0562	0.0942
ATCAT	7	83	0.1967	0.1503
ATTCC	6	63	0.1686	0.1141
CTAGC	0	46	0.0000	0.0833
CTAGA	2	32	0.0562	0.0580
GATGG	5	58	0.1405	0.1051
GAAAT	7	61	0.1967	0.1105
ATTCG	2	68	0.0562	0.1232
GATGT	11	55	0.3091	0.0996
CTGTT	6	55	0.1686	0.0996
CGTTT	8	58	0.2248	0.1051
GCTAT	1	37	0.0281	0.0670
ACCTC	2	44	0.0562	0.0797
ATTCA	5	66	0.1405	0.1195
ACCTG	3	45	0.0843	0.0815
ATCAC	5	58	0.1405	0.1051
ATCAA	7	68	0.1967	0.1232
ATCAG	2	55	0.0562	0.0996
CTGTC	4	51	0.1124	0.0924
CGTTG	6	67	0.1686	0.1214
CTGTA	2	40	0.0562	0.0725
AGACT	1	32	0.0281	0.0580
ACCTA	3	34	0.0843	0.0616
CTGTG	3	50	0.0843	0.0906
AGCGT	5	68	0.1405	0.1232
AGAGA	5	165	0.1405	0.2989
GCCAA	3	42	0.0843	0.0761
GAACC	2	40	0.0562	0.0725
AGAGC	6	62	0.1686	0.1123
GACGC	3	42	0.0843	0.0761
GAACA	5	62	0.1405	0.1123
TATAT	3	51	0.0843	0.0924
GACGA	0	41	0.0000	0.0743
GCCAG	3	58	0.0843	0.1051
GAACG	4	65	0.1124	0.1177
AGAGG	1	70	0.0281	0.1268
GACGG	2	49	0.0562	0.0888
GCCAC	2	36	0.0562	0.0652
GCTCC	0	52	0.0000	0.0942
GACGT	8	63	0.2248	0.1141
TATAG	2	35	0.0562	0.0634
GCTCG	1	66	0.0281	0.1195
TCGAT	4	60	0.1124	0.1087
TATAC	0	46	0.0000	0.0833
TATAA	5	44	0.1405	0.0797
TAGGT	0	24	0.0000	0.0435
ATCCT	2	47	0.0562	0.0851
GCCAT	5	37	0.1405	0.0670
GCTCA	2	58	0.0562	0.1051
GAACT	3	61	0.0843	0.1105
GCTCT	4	70	0.1124	0.1268
TCGAG	1	42	0.0281	0.0761
TAGGG	0	31	0.0000	0.0562
TCGAC	5	48	0.1405	0.0869
TCGAA	1	40	0.0281	0.0725
TAGGC	1	56	0.0281	0.1014
TAGGA	3	42	0.0843	0.0761
ATCCC	2	44	0.0562	0.0797
ATCCG	1	39	0.0281	0.0706
ATCCA	1	29	0.0281	0.0525
GCCCC	2	35	0.0562	0.0634
GCCCA	3	44	0.0843	0.0797
CTACG	0	43	0.0000	0.0779
CTCGG	0	42	0.0000	0.0761
CTACC	2	39	0.0562	0.0706
AGAAC	4	63	0.1124	0.1141
CTCGT	1	40	0.0281	0.0725
GCCCG	1	51	0.0281	0.0924
AGAAA	10	69	0.2810	0.1250
TAGAT	3	45	0.0843	0.0815
CTCGC	3	30	0.0843	0.0543
CTACA	2	37	0.0562	0.0670
CTCGA	4	38	0.1124	0.0688
TAGAG	2	38	0.0562	0.0688
GCCCT	2	41	0.0562	0.0743
TAGAC	0	41	0.0000	0.0743
TAGAA	4	47	0.1124	0.0851
AGCCG	1	39	0.0281	0.0706
CTACT	1	48	0.0281	0.0869
AGCCT	3	38	0.0843	0.0688
GCAAC	4	59	0.1124	0.1069
GAAGG	3	62	0.0843	0.1123
GGGAC	0	45	0.0000	0.0815
CCATA	2	27	0.0562	0.0489
ACTTT	2	68	0.0562	0.1232
CTAAG	1	27	0.0281	0.0489
CGGTA	1	47	0.0281	0.0851
GCAAA	6	44	0.1686	0.0797
AGCGA	3	50	0.0843	0.0906
CGGTC	3	43	0.0843	0.0779
GGGAG	1	78	0.0281	0.1413
GAAGC	5	89	0.1405	0.1612
CTAAC	2	39	0.0562	0.0706
GAAGA	6	94	0.1686	0.1703
CTAAA	7	60	0.1967	0.1087
CGGTG	4	52	0.1124	0.0942
CTTGC	1	33	0.0281	0.0598
AGCGG	3	65	0.0843	0.1177
AGACG	1	35	0.0281	0.0634
CTTGA	3	40	0.0843	0.0725
GCAAG	3	52	0.0843	0.0942
AGACA	2	41	0.0562	0.0743
AGCGC	4	59	0.1124	0.1069
GGGAA	5	89	0.1405	0.1612
AGACC	0	38	0.0000	0.0688
ATTAT	11	121	0.3091	0.2192
GCTGG	6	78	0.1686	0.1413
ACTTC	3	51	0.0843	0.0924
AAATT	5	55	0.1405	0.0996
GGGAT	3	53	0.0843	0.0960
GAAGT	4	44	0.1124	0.0797
TAGCT	1	44	0.0281	0.0797
ACTTG	2	33	0.0562	0.0598
ATTAC	6	83	0.1686	0.1503
GCTGA	10	81	0.2810	0.1467
ATTAA	10	73	0.2810	0.1322
ATGGT	5	51	0.1405	0.0924
CCATG	1	33	0.0281	0.0598
GAGTC	1	39	0.0281	0.0706
CGAGT	1	26	0.0281	0.0471
GCTGC	4	91	0.1124	0.1648
ATTAG	1	49	0.0281	0.0888
GAGTA	4	30	0.1124	0.0543
GCAAT	11	84	0.3091	0.1521
CCATC	2	41	0.0562	0.0743
TAGCG	3	40	0.0843	0.0725
AAATC	7	63	0.1967	0.1141
TAGCC	1	42	0.0281	0.0761
AAATG	7	74	0.1967	0.1340
TAGCA	4	46	0.1124	0.0833
CTTGT	2	52	0.0562	0.0942
GAGTG	1	48	0.0281	0.0869
GAGTT	4	31	0.1124	0.0562
ATGGC	4	38	0.1124	0.0688
ACTTA	1	56	0.0281	0.1014
GCTGT	2	55	0.0562	0.0996
CCATT	6	52	0.1686	0.0942
AGTGT	3	36	0.0843	0.0652
ATGGG	3	53	0.0843	0.0960
CGGTT	2	54	0.0562	0.0978
AGAAG	3	74	0.0843	0.1340
CTTGG	1	29	0.0281	0.0525
CTAAT	2	44	0.0562	0.0797
ATGGA	2	56	0.0562	0.1014
AGTGG	1	32	0.0281	0.0580
AGAAT	3	80	0.0843	0.1449
AAATA	7	69	0.1967	0.1250
AGTGA	2	67	0.0562	0.1214
AGTGC	3	48	0.0843	0.0869
GCCGG	5	54	0.1405	0.0978
CTCCG	6	48	0.1686	0.0869
GGGCG	3	74	0.0843	0.1340
GCACC	1	20	0.0281	0.0362
GCCGC	3	55	0.0843	0.0996
GCACA	3	36	0.0843	0.0652
CTCCC	1	49	0.0281	0.0888
AATTT	7	89	0.1967	0.1612
GCCGA	0	31	0.0000	0.0562
CTCCA	1	35	0.0281	0.0634
TCTAT	3	45	0.0843	0.0815
AGCAA	8	68	0.2248	0.1232
TATGT	7	54	0.1967	0.0978
AGCAC	3	30	0.0843	0.0543
GGGCA	2	55	0.0562	0.0996
GGGCC	1	45	0.0281	0.0815
GCACG	2	32	0.0562	0.0580
AATTC	4	63	0.1124	0.1141
GGGCT	2	71	0.0562	0.1286
GCACT	1	25	0.0281	0.0453
AATTA	9	93	0.2529	0.1685
GCCGT	1	45	0.0281	0.0815
AGTAT	3	44	0.0843	0.0797
TCTAG	0	38	0.0000	0.0688
AATTG	4	62	0.1124	0.1123
ACGTT	7	46	0.1967	0.0833
TCTAC	0	44	0.0000	0.0797
TATGG	1	45	0.0281	0.0815
TAAAT	5	76	0.1405	0.1377
TCTAA	2	39	0.0562	0.0706
TCGGT	3	53	0.0843	0.0960
ATGAT	8	108	0.2248	0.1956
TATGC	5	79	0.1405	0.1431
TATGA	6	56	0.1686	0.1014
ATGAG	5	67	0.1405	0.1214
AGTAG	6	35	0.1686	0.0634
ACGTA	2	50	0.0562	0.0906
TAAAG	3	39	0.0843	0.0706
AGTAC	0	33	0.0000	0.0598
CGAGA	0	60	0.0000	0.1087
ACGTC	3	54	0.0843	0.0978
TCGGG	1	84	0.0281	0.1521
TAAAC	5	70	0.1405	0.1268
CGAGC	3	56	0.0843	0.1014
TAAAA	8	50	0.2248	0.0906
ACGTG	2	41	0.0562	0.0743
TCGGC	1	54	0.0281	0.0978
CGAGG	1	42	0.0281	0.0761
ATGAC	3	35	0.0843	0.0634
TCGGA	3	54	0.0843	0.0978
ATGAA	6	87	0.1686	0.1576
CTCCT	3	49	0.0843	0.0888
AGGGG	0	73	0.0000	0.1322
AGTAA	9	58	0.2529	0.1051
AGGGT	1	33	0.0281	0.0598
ACAGT	5	32	0.1405	0.0580
CTCAC	0	29	0.0000	0.0525
CTCAA	4	49	0.1124	0.0888
AGCCC	2	39	0.0562	0.0706
TCTCT	5	82	0.1405	0.1485
AGCCA	3	57	0.0843	0.1032
CTCAG	2	36	0.0562	0.0652
CGACG	2	34	0.0562	0.0616
AACTT	2	52	0.0562	0.0942
TCTCG	3	24	0.0843	0.0435
TCCAT	2	32	0.0562	0.0580
CCCTG	4	54	0.1124	0.0978
TCTCC	3	43	0.0843	0.0779
TAACT	2	46	0.0562	0.0833
TCTCA	1	30	0.0281	0.0543
TACGT	1	43	0.0281	0.0779
CGCGT	2	33	0.0562	0.0598
CCCTC	4	25	0.1124	0.0453
ATGCT	7	95	0.1967	0.1721
CGACT	2	45	0.0562	0.0815
CCCTA	1	31	0.0281	0.0562
AACTC	4	39	0.1124	0.0706
AACTA	2	54	0.0562	0.0978
ATGCG	2	94	0.0562	0.1703
CTTCT	5	74	0.1405	0.1340
AACTG	5	62	0.1405	0.1123
TCCAG	2	43	0.0562	0.0779
AGCAT	3	51	0.0843	0.0924
TAACG	3	64	0.0843	0.1159
AGTCG	1	38	0.0281	0.0688
TACGG	1	42	0.0281	0.0761
ATGCA	7	79	0.1967	0.1431
TCCAC	2	28	0.0562	0.0507
AGTCT	5	48	0.1405	0.0869
TAACC	2	47	0.0562	0.0851
TCCAA	0	28	0.0000	0.0507
TAACA	6	47	0.1686	0.0851
CCCTT	2	51	0.0562	0.0924
TACGC	0	39	0.0000	0.0706
TACGA	3	42	0.0843	0.0761
ATGCC	6	63	0.1686	0.1141
CTTCG	4	67	0.1124	0.1214
CTCAT	1	47	0.0281	0.0851
CTTCC	2	48	0.0562	0.0869
CTTCA	4	67	0.1124	0.1214
AGCAG	6	84	0.1686	0.1521
GCAGA	8	71	0.2248	0.1286
AGTCA	3	51	0.0843	0.0924
AGTCC	1	24	0.0281	0.0435
CTGGG	2	61	0.0562	0.1105
CGTGG	7	65	0.1967	0.1177
CGAAT	2	32	0.0562	0.0580
GCAGG	2	59	0.0562	0.1069
CTGGC	4	53	0.1124	0.0960
TATCT	5	80	0.1405	0.1449
GCAGC	5	50	0.1405	0.0906
CTGGA	4	70	0.1124	0.1268
GGGGA	1	84	0.0281	0.1521
GGGGC	1	72	0.0281	0.1304
CGTGT	3	73	0.0843	0.1322
GGGGG	1	74	0.0281	0.1340
GGTAG	1	42	0.0281	0.0761
GCGTA	4	54	0.1124	0.0978
GCGTC	2	67	0.0562	0.1214
CGAAG	2	51	0.0562	0.0924
GTGAC	3	42	0.0843	0.0761
GTGAA	6	68	0.1686	0.1232
TATCG	8	70	0.2248	0.1268
GCAGT	4	67	0.1124	0.1214
TCGCT	5	37	0.1405	0.0670
GCGTG	9	92	0.2529	0.1666
TACAT	1	51	0.0281	0.0924
CAATG	4	51	0.1124	0.0924
TATCC	1	43	0.0281	0.0779
TATCA	5	55	0.1405	0.0996
CGTGA	6	71	0.1686	0.1286
CAATC	7	65	0.1967	0.1177
GGTAC	2	22	0.0562	0.0398
GGGGT	1	41	0.0281	0.0743
CGTGC	2	57	0.0562	0.1032
CAATA	4	64	0.1124	0.1159
GGTAA	3	52	0.0843	0.0942
GATTA	8	76	0.2248	0.1377
CTTAT	4	74	0.1124	0.1340
TACAG	1	45	0.0281	0.0815
GTGAT	8	79	0.2248	0.1431
GCGTT	4	55	0.1124	0.0996
TCGCG	2	32	0.0562	0.0580
ACACT	0	37	0.0000	0.0670
TACAC	3	36	0.0843	0.0652
AGGCT	4	48	0.1124	0.0869
TCGCC	3	21	0.0843	0.0380
TACAA	5	53	0.1405	0.0960
CCTTG	2	39	0.0562	0.0706
CGCGA	2	48	0.0562	0.0869
TCGCA	3	31	0.0843	0.0562
GATTG	5	86	0.1405	0.1558
CGCGC	1	52	0.0281	0.0942
CGACA	4	42	0.1124	0.0761
CCTTC	3	48	0.0843	0.0869
CGACC	2	41	0.0562	0.0743
CAATT	7	69	0.1967	0.1250
GGTAT	1	67	0.0281	0.1214
CCTTA	2	44	0.0562	0.0797
GATTC	1	69	0.0281	0.1250
CGCGG	4	51	0.1124	0.0924
GTGAG	3	50	0.0843	0.0906
AGGCG	3	68	0.0843	0.1232
ACACG	7	33	0.1967	0.0598
ACCGG	1	48	0.0281	0.0869
CTTAC	0	59	0.0000	0.1069
AGGCC	1	36	0.0281	0.0652
CTTAA	2	55	0.0562	0.0996
CTGGT	5	76	0.1405	0.1377
CCTTT	5	81	0.1405	0.1467
ACCGT	3	37	0.0843	0.0670
GATTT	9	126	0.2529	0.2282
CTTAG	0	42	0.0000	0.0761
GGCAG	4	61	0.1124	0.1105
CGCCT	2	30	0.0562	0.0543
AGGGC	2	36	0.0562	0.0652
ACAGC	2	50	0.0562	0.0906
GGCAA	6	54	0.1686	0.0978
ACAGA	3	54	0.0843	0.0978
ACAGG	2	57	0.0562	0.1032
GGCAC	0	18	0.0000	0.0326
AGGGA	3	57	0.0843	0.1032
GACTA	1	26	0.0281	0.0471
GTGCG	5	55	0.1405	0.0996
GGTCG	2	54	0.0562	0.0978
CGCCG	3	38	0.0843	0.0688
GTGCC	0	36	0.0000	0.0652
GTGCA	2	34	0.0562	0.0616
GGTCA	3	40	0.0843	0.0725
TACCT	4	51	0.1124	0.0924
GACTG	2	50	0.0562	0.0906
GGTCC	2	29	0.0562	0.0525
GGCAT	3	67	0.0843	0.1214
GACTC	1	35	0.0281	0.0634
TACCG	2	35	0.0562	0.0634
GTGCT	3	86	0.0843	0.1558
TACCC	1	25	0.0281	0.0453
TACCA	2	46	0.0562	0.0833
CGAAA	1	38	0.0281	0.0688
GACTT	2	44	0.0562	0.0797
CGAAC	2	48	0.0562	0.0869
GGTCT	1	49	0.0281	0.0888
CGTCC	1	37	0.0281	0.0670
CTGCC	5	58	0.1405	0.1051
CGCAT	1	36	0.0281	0.0652
CTGCA	4	58	0.1124	0.1051
CGTCG	3	71	0.0843	0.1286
GGCCA	2	29	0.0562	0.0525
AAAGA	5	42	0.1405	0.0761
GGCCC	0	44	0.0000	0.0797
ACAAA	8	48	0.2248	0.0869
CTGCG	6	88	0.1686	0.1594
GGCCG	1	47	0.0281	0.0851
AAAGC	5	48	0.1405	0.0869
CGCAC	2	33	0.0562	0.0598
CGCAG	3	35	0.0843	0.0634
CACTG	2	23	0.0562	0.0417
CACTC	0	41	0.0000	0.0743
TCACT	6	45	0.1686	0.0815
CACTA	1	26	0.0281	0.0471
GGCCT	2	44	0.0562	0.0797
TCCGT	2	49	0.0562	0.0888
CGTCA	6	86	0.1686	0.1558
ACCCT	5	34	0.1405	0.0616
TCACG	2	36	0.0562	0.0652
TCCGG	3	43	0.0843	0.0779
CACTT	4	42	0.1124	0.0761
CGCCA	5	30	0.1405	0.0543
TCACC	4	38	0.1124	0.0688
CGCCC	1	44	0.0281	0.0797
TCCGC	1	37	0.0281	0.0670
TCACA	1	41	0.0281	0.0743
CGTCT	2	35	0.0562	0.0634
CTGCT	6	98	0.1686	0.1775
TCCGA	3	38	0.0843	0.0688
ACCCC	0	46	0.0000	0.0833
ACCCG	0	32	0.0000	0.0580
CGTAA	4	74	0.1124	0.1340
CGGGT	3	51	0.0843	0.0924
CTGAA	7	58	0.1967	0.1051
CCAGT	0	42	0.0000	0.0761
CGTAC	2	32	0.0562	0.0580
GGTGA	4	42	0.1124	0.0761
CGTAG	1	46	0.0281	0.0833
GGAAA	5	81	0.1405	0.1467
ACCGA	2	29	0.0562	0.0525
GGAAC	5	45	0.1405	0.0815
AGGCA	3	63	0.0843	0.1141
CTGAG	2	61	0.0562	0.1105
ACACC	1	35	0.0281	0.0634
GGAAG	4	85	0.1124	0.1540
CCAGG	1	38	0.0281	0.0688
ACCGC	5	26	0.1405	0.0471
ACACA	3	35	0.0843	0.0634
CTGAC	7	67	0.1967	0.1214
GAATC	2	52	0.0562	0.0942
CGGGG	2	76	0.0562	0.1377
TGGCA	4	28	0.1124	0.0507
GAATA	5	58	0.1405	0.1051
GTGGG	1	53	0.0281	0.0960
TGGCC	3	37	0.0843	0.0670
CCGTG	3	54	0.0843	0.0978
AAGTT	3	33	0.0843	0.0598
GTGGC	3	42	0.0843	0.0761
TGGCG	5	48	0.1405	0.0869
CCGTC	1	40	0.0281	0.0725
GGTGC	4	53	0.1124	0.0960
GTGGA	3	48	0.0843	0.0869
CCGTA	2	35	0.0562	0.0634
GGAAT	4	98	0.1124	0.1775
GAATG	3	83	0.0843	0.1503
GGTGG	2	58	0.0562	0.1051
GAATT	5	101	0.1405	0.1829
AGGAT	1	60	0.0281	0.1087
ACTGG	2	52	0.0562	0.0942
ACAAT	4	52	0.1124	0.0942
GTTAG	4	42	0.1124	0.0761
GCTTG	1	37	0.0281	0.0670
TGGCT	2	59	0.0562	0.1069
AAGTC	2	37	0.0562	0.0670
GTTAC	1	37	0.0281	0.0670
AAGTA	4	40	0.1124	0.0725
CATTG	4	46	0.1124	0.0833
GTTAA	4	51	0.1124	0.0924
GTGGT	5	59	0.1405	0.1069
CCGTT	3	40	0.0843	0.0725
AAGTG	3	37	0.0843	0.0670
CATTC	6	62	0.1686	0.1123
GGTGT	3	45	0.0843	0.0815
ACTGT	1	33	0.0281	0.0598
CATTA	6	73	0.1686	0.1322
GCTTA	3	70	0.0843	0.1268
CGCAA	3	55	0.0843	0.0996
GCTTC	5	66	0.1405	0.1195
GCTTT	4	77	0.1124	0.1395
CGTAT	3	57	0.0843	0.1032
AGGAG	2	88	0.0562	0.1594
ACAAC	5	50	0.1405	0.0906
AAAGG	3	36	0.0843	0.0652
GGCGA	1	57	0.0281	0.1032
AGGAA	5	98	0.1405	0.1775
GTTAT	6	58	0.1686	0.1051
GGCGC	4	50	0.1124	0.0906
AGGAC	2	29	0.0562	0.0525
ACAAG	1	38	0.0281	0.0688
GGACA	0	25	0.0000	0.0453
CATTT	6	77	0.1686	0.1395
AAAGT	4	29	0.1124	0.0525
ACTGC	5	57	0.1405	0.1032
CTGAT	11	104	0.3091	0.1884
ACTGA	6	59	0.1686	0.1069
GGACC	1	39	0.0281	0.0706
GGCGG	3	89	0.0843	0.1612
GGACG	5	48	0.1405	0.0869
AACGC	5	50	0.1405	0.0906
AAACA	8	82	0.2248	0.1485
AACGA	4	79	0.1124	0.1431
GCCTC	3	37	0.0843	0.0670
GCCTA	3	27	0.0843	0.0489
AATGT	5	43	0.1405	0.0779
GTCAG	10	94	0.2810	0.1703
TGGAA	5	62	0.1405	0.1123
ACTAT	3	44	0.0843	0.0797
GTCAC	4	27	0.1124	0.0489
TGGAC	0	32	0.0000	0.0580
GGCGT	4	66	0.1124	0.1195
GTCAA	1	53	0.0281	0.0960
TCCCT	3	46	0.0843	0.0833
TGGAG	2	52	0.0562	0.0942
GGACT	1	32	0.0281	0.0580
GCCTG	4	57	0.1124	0.1032
GCCTT	0	41	0.0000	0.0743
ACTAA	2	45	0.0562	0.0815
ACGGT	2	49	0.0562	0.0888
AATGC	5	74	0.1405	0.1340
GTTCG	4	41	0.1124	0.0743
TGGAT	4	63	0.1124	0.1141
AATGG	3	57	0.0843	0.1032
AAAAT	8	64	0.2248	0.1159
GTCAT	4	68	0.1124	0.1232
TCCCG	4	39	0.1124	0.0706
ACTAC	0	38	0.0000	0.0688
GTTCC	1	41	0.0281	0.0743
GTTCA	5	46	0.1405	0.0833
TCCCC	2	43	0.0562	0.0779
ACTAG	0	31	0.0000	0.0562
CGGGA	4	73	0.1124	0.1322
TCCCA	0	41	0.0000	0.0743
CGGGC	2	73	0.0562	0.1322
AAAAC	12	69	0.3372	0.1250
CCAGC	4	52	0.1124	0.0942
ACGGC	1	32	0.0281	0.0580
AAAAA	17	44	0.4777	0.0797
CCAGA	5	59	0.1405	0.1069
AAAAG	3	40	0.0843	0.0725
ACGGG	3	64	0.0843	0.1159
GTTCT	5	48	0.1405	0.0869
AATGA	7	95	0.1967	0.1721
TAGTT	3	52	0.0843	0.0942
CGGCT	1	54	0.0281	0.0978
CCACG	1	28	0.0281	0.0507
CCCGG	3	38	0.0843	0.0688
ACCCA	4	30	0.1124	0.0543
TCTGT	7	64	0.1967	0.1159
CCACC	2	26	0.0562	0.0471
CGGCA	4	54	0.1124	0.0978
ACTCT	0	48	0.0000	0.0869
CGGCC	0	46	0.0000	0.0833
TAGTG	2	42	0.0562	0.0761
GTCCG	1	31	0.0281	0.0562
CGGCG	1	71	0.0281	0.1286
TAGTC	3	38	0.0843	0.0688
TAGTA	4	44	0.1124	0.0797
GTCCC	0	18	0.0000	0.0326
TCTGG	5	91	0.1405	0.1648
TCAAT	6	62	0.1686	0.1123
GTCCA	1	33	0.0281	0.0598
CCACT	0	25	0.0000	0.0453
TCTGC	8	94	0.2248	0.1703
CCCGT	3	38	0.0843	0.0688
TAAGT	4	38	0.1124	0.0688
AAACT	5	54	0.1405	0.0978
TCTGA	6	78	0.1686	0.1413
ACTCC	2	45	0.0562	0.0815
AACGT	3	53	0.0843	0.0960
ACTCA	3	42	0.0843	0.0761
ACTCG	1	27	0.0281	0.0489
ACCAT	2	44	0.0562	0.0797
TCAAG	1	42	0.0281	0.0761
GTCCT	4	35	0.1124	0.0634
TAAGG	5	47	0.1405	0.0851
TCAAC	3	55	0.0843	0.0996
TCAAA	8	69	0.2248	0.1250
TAAGC	1	59	0.0281	0.1069
TAAGA	2	27	0.0562	0.0489
ACCAC	1	25	0.0281	0.0453
AACGG	3	69	0.0843	0.1250
GGAGA	1	98	0.0281	0.1775
ACCAA	1	39	0.0281	0.0706
AAACC	6	50	0.1686	0.0906
GGAGC	2	50	0.0562	0.0906
ACCAG	2	51	0.0562	0.0924
AAACG	4	71	0.1124	0.1286
CCTGA	5	72	0.1405	0.1304
CGGAT	2	34	0.0562	0.0616
GGAGT	4	35	0.1124	0.0634
GGAGG	3	99	0.0843	0.1793
CCAAG	0	32	0.0000	0.0580
CCAAC	3	33	0.0843	0.0598
CAAGG	1	33	0.0281	0.0598
TGAAA	5	51	0.1405	0.0924
CCAAA	2	39	0.0562	0.0706
TGAAC	3	72	0.0843	0.1304
CGGAA	3	60	0.0843	0.1087
CAGTG	3	56	0.0843	0.1014
GGGTG	1	58	0.0281	0.1051
GCATC	3	64	0.0843	0.1159
TGAAG	9	78	0.2529	0.1413
CGGAC	5	38	0.1405	0.0688
GTAAG	4	55	0.1124	0.0996
GCATA	2	32	0.0562	0.0580
CAGTC	4	47	0.1124	0.0851
AATCT	6	63	0.1686	0.1141
CGGAG	5	61	0.1405	0.1105
CAGTA	6	56	0.1686	0.1014
GTAAC	2	52	0.0562	0.0942
TGTGA	8	59	0.2248	0.1069
GTAAA	6	58	0.1686	0.1051
CCTGG	2	39	0.0562	0.0706
CCAAT	1	51	0.0281	0.0924
TGTGC	1	53	0.0281	0.0960
GGGTA	1	31	0.0281	0.0562
CAAGT	0	36	0.0000	0.0652
GGGTC	1	42	0.0281	0.0761
CCTGC	4	60	0.1124	0.1087
GCATG	2	55	0.0562	0.0996
TGTGG	2	47	0.0562	0.0851
AATCA	8	65	0.2248	0.1177
TGAAT	6	84	0.1686	0.1521
TTGGG	1	55	0.0281	0.0996
GCATT	6	63	0.1686	0.1141
AACAT	5	66	0.1405	0.1195
ACGCT	4	43	0.1124	0.0779
TTGGC	3	39	0.0843	0.0706
AATCC	3	54	0.0843	0.0978
CAGTT	2	43	0.0562	0.0779
TTGGA	2	35	0.0562	0.0634
GTTGG	3	51	0.0843	0.0924
GTAAT	9	59	0.2529	0.1069
AATCG	5	56	0.1405	0.1014
GTTGC	8	47	0.2248	0.0851
GTTGA	6	77	0.1686	0.1395
GGGTT	4	54	0.1124	0.0978
CCTGT	5	44	0.1405	0.0797
TGTGT	4	106	0.1124	0.1920
ACGCA	3	43	0.0843	0.0779
CCACA	2	39	0.0562	0.0706
CCCGC	0	42	0.0000	0.0761
AACAA	10	69	0.2810	0.1250
TTTAC	8	92	0.2248	0.1666
CCCGA	2	48	0.0562	0.0869
TTGGT	7	70	0.1967	0.1268
TTTAA	6	79	0.1686	0.1431
ACGCC	2	43	0.0562	0.0779
AACAC	4	41	0.1124	0.0743
ACGCG	3	36	0.0843	0.0652
GTTGT	6	83	0.1686	0.1503
AACAG	3	62	0.0843	0.1123
TTTAG	5	85	0.1405	0.1540
TCTTG	2	45	0.0562	0.0815
CCCCG	3	44	0.0843	0.0797
TAATT	7	82	0.1967	0.1485
TCTTC	4	91	0.1124	0.1648
CCCCC	2	30	0.0562	0.0543
ACGGA	2	38	0.0562	0.0688
TCTTA	0	60	0.0000	0.1087
CCCCA	0	40	0.0000	0.0725
TGCCA	3	58	0.0843	0.1051
TGCCC	5	44	0.1405	0.0797
TGCCG	4	61	0.1124	0.1105
GTACG	0	32	0.0000	0.0580
TAATG	6	61	0.1686	0.1105
GTCGG	2	75	0.0562	0.1358
GTACC	2	29	0.0562	0.0525
CCCCT	1	40	0.0281	0.0725
GTACA	1	28	0.0281	0.0507
TAATC	6	58	0.1686	0.1051
GTCGC	2	18	0.0562	0.0326
TAATA	10	80	0.2810	0.1449
GTCGA	0	50	0.0000	0.0906
TGCCT	3	50	0.0843	0.0906
AACCT	5	54	0.1405	0.0978
GTACT	1	36	0.0281	0.0652
GTCGT	3	74	0.0843	0.1340
CAAGC	2	48	0.0562	0.0869
AACCC	4	51	0.1124	0.0924
CAAGA	2	47	0.0562	0.0851
AACCA	1	44	0.0281	0.0797
AACCG	5	39	0.1405	0.0706
TATTG	7	71	0.1967	0.1286
CCCAG	3	39	0.0843	0.0706
TCGTT	4	70	0.1124	0.1268
TATTC	5	82	0.1405	0.1485
CAACG	4	51	0.1124	0.0924
TATTA	5	84	0.1405	0.1521
CCCAC	0	29	0.0000	0.0525
CACGG	2	23	0.0562	0.0417
CCCAA	2	46	0.0562	0.0833
CAACC	5	52	0.1405	0.0942
CACGC	4	34	0.1124	0.0616
CAACA	3	47	0.0843	0.0851
TGCAA	7	62	0.1967	0.1123
TGCAC	2	32	0.0562	0.0580
TCGTG	4	79	0.1124	0.1431
CCTCG	3	33	0.0843	0.0598
TGCAG	6	67	0.1686	0.1214
TCGTC	6	68	0.1686	0.1232
CCCAT	2	40	0.0562	0.0725
CAACT	3	46	0.0843	0.0833
TCGTA	2	70	0.0562	0.1268
CCTCC	6	41	0.1686	0.0743
CACGT	2	32	0.0562	0.0580
CCTCA	1	31	0.0281	0.0562
TGTCA	7	65	0.1967	0.1177
TGTCC	2	27	0.0562	0.0489
TCAGT	6	61	0.1686	0.1105
TTGCC	4	56	0.1124	0.1014
TGCAT	6	60	0.1686	0.1087
TTGCA	8	49	0.2248	0.0888
TGTCG	1	54	0.0281	0.0978
CCTCT	0	39	0.0000	0.0706
TCAGG	4	61	0.1124	0.1105
TTGCG	4	44	0.1124	0.0797
TCAGC	1	73	0.0281	0.1322
TGTCT	2	54	0.0562	0.0978
TCAGA	6	44	0.1686	0.0797
TTGCT	4	70	0.1124	0.1268
GTAGA	4	45	0.1124	0.0815
CAAAG	6	33	0.1686	0.0598
CCGGG	2	51	0.0562	0.0924
TACTT	0	70	0.0000	0.1268
CAAAC	4	59	0.1124	0.1069
CCGGC	1	59	0.0281	0.1069
CAAAA	8	47	0.2248	0.0851
CCGGA	6	34	0.1686	0.0616
TGGGA	1	50	0.0281	0.0906
TGGGC	3	64	0.0843	0.1159
TGGGG	1	48	0.0281	0.0869
CCTAG	1	20	0.0281	0.0362
AATAT	11	93	0.3091	0.1685
TACTG	5	66	0.1405	0.1195
CATGG	5	38	0.1405	0.0688
CAAAT	6	61	0.1686	0.1105
CCTAC	2	38	0.0562	0.0688
CCTAA	3	35	0.0843	0.0634
CCGGT	3	39	0.0843	0.0706
TACTC	1	47	0.0281	0.0851
GTAGG	1	39	0.0281	0.0706
CATGC	2	64	0.0562	0.1159
TACTA	1	52	0.0281	0.0942
CATGA	3	73	0.0843	0.1322
GTAGC	4	32	0.1124	0.0580
TGTAA	5	40	0.1405	0.0725
TGGGT	2	60	0.0562	0.1087
TTGAA	4	72	0.1124	0.1304
TGTAC	0	38	0.0000	0.0688
GTGTG	0	92	0.0000	0.1666
AATAC	4	56	0.1124	0.1014
TGTAG	4	42	0.1124	0.0761
AATAA	7	77	0.1967	0.1395
AAGGT	3	28	0.0843	0.0507
GTGTC	3	48	0.0843	0.0869
CCTAT	2	38	0.0562	0.0688
AATAG	4	45	0.1124	0.0815
GTGTA	3	46	0.0843	0.0833
GGTTC	2	38	0.0562	0.0688
ACGAT	5	59	0.1405	0.1069
GGTTA	4	47	0.1124	0.0851
TTGAG	3	55	0.0843	0.0996
GGTTG	5	56	0.1405	0.1014
CATGT	2	49	0.0562	0.0888
GTAGT	3	49	0.0843	0.0888
TTGAC	3	65	0.0843	0.1177
CACGA	4	40	0.1124	0.0725
AAGGC	4	34	0.1124	0.0616
AAGGA	5	75	0.1405	0.1358
ACGAC	0	48	0.0000	0.0869
TGTAT	8	62	0.2248	0.1123
GTGTT	7	74	0.1967	0.1340
AAGGG	0	41	0.0000	0.0743
ACGAA	4	44	0.1124	0.0797
ACGAG	2	51	0.0562	0.0924
TATTT	8	85	0.2248	0.1540
TTGAT	9	108	0.2529	0.1956
GGTTT	5	59	0.1405	0.1069
TTTGT	8	100	0.2248	0.1811
CACCG	3	32	0.0843	0.0580
CACCC	2	28	0.0562	0.0507
CACCA	3	33	0.0843	0.0598
TCATT	8	95	0.2248	0.1721
CACCT	0	26	0.0000	0.0471
TTCGC	7	36	0.1967	0.0652
TTACA	3	64	0.0843	0.1159
GGCTA	2	35	0.0562	0.0634
TCATG	5	74	0.1405	0.1340
TTCGA	1	52	0.0281	0.0942
GGCTC	0	57	0.0000	0.1032
TCATC	2	59	0.0562	0.1069
GGCTG	5	80	0.1405	0.1449
TCATA	4	43	0.1124	0.0779
TTACG	3	52	0.0843	0.0942
TTCGG	1	62	0.0281	0.1123
TTACC	4	54	0.1124	0.0978
AAGAT	6	54	0.1686	0.0978
GGCTT	2	60	0.0562	0.1087
TTACT	5	101	0.1405	0.1829
AAGAA	5	56	0.1405	0.1014
TTCGT	3	75	0.0843	0.1358
AAGAC	2	32	0.0562	0.0580
AAGAG	2	67	0.0562	0.1214
CCGCG	1	42	0.0281	0.0761
CACAG	4	41	0.1124	0.0743
CCGCC	3	40	0.0843	0.0725
TGAGA	3	73	0.0843	0.1322
CACAC	2	36	0.0562	0.0652
CCGCA	1	38	0.0281	0.0688
TGAGC	5	72	0.1405	0.1304
CACAA	1	31	0.0281	0.0562
TGAGG	2	49	0.0562	0.0888
CATCG	6	75	0.1686	0.1358
CACAT	2	43	0.0562	0.0779
CCGCT	4	40	0.1124	0.0725
CATCC	1	25	0.0281	0.0453
CATCA	4	77	0.1124	0.1395
TGAGT	3	39	0.0843	0.0706
TGGTA	3	64	0.0843	0.1159
TTAAG	4	55	0.1124	0.0996
TGGTC	4	64	0.1124	0.1159
TTAAC	5	51	0.1405	0.0924
TGGTG	6	62	0.1686	0.1123
TTAAA	4	65	0.1124	0.1177
TTTGA	5	89	0.1405	0.1612
CATCT	0	50	0.0000	0.0906
AAGCT	2	80	0.0562	0.1449
TTAAT	9	87	0.2529	0.1576
TTTGG	5	71	0.1405	0.1286
TGGTT	9	66	0.2529	0.1195
AAGCC	3	52	0.0843	0.0942
TTTGC	6	82	0.1686	0.1485
AAGCA	5	48	0.1405	0.0869
AAGCG	3	64	0.0843	0.1159
TTTCT	10	106	0.2810	0.1920
CCGAG	1	24	0.0281	0.0435
CCGAC	3	33	0.0843	0.0598
GGATA	2	40	0.0562	0.0725
CAGGG	2	59	0.0562	0.1069
CCGAA	1	34	0.0281	0.0616
TCCTT	5	66	0.1405	0.1195
CAGGC	4	65	0.1124	0.1177
CAGGA	2	65	0.0562	0.1177
CATAG	1	29	0.0281	0.0525
CCGAT	2	55	0.0562	0.0996
CATAC	1	42	0.0281	0.0761
TCCTG	5	59	0.1405	0.1069
CATAA	4	38	0.1124	0.0688
CAGGT	1	26	0.0281	0.0471
GGATC	1	28	0.0281	0.0507
TCCTC	1	38	0.0281	0.0688
GGATG	3	55	0.0843	0.0996
TCCTA	1	39	0.0281	0.0706
TTCCG	1	49	0.0281	0.0888
TTCCC	6	58	0.1686	0.1051
TTCCA	3	34	0.0843	0.0616
CATAT	3	30	0.0843	0.0543
GGATT	4	88	0.1124	0.1594
TTCCT	3	71	0.0843	0.1286
GTTTG	6	68	0.1686	0.1232
GTTTC	5	59	0.1405	0.1069
TCTTT	5	104	0.1405	0.1884
GTTTA	3	69	0.0843	0.1250
TTTAT	6	102	0.1686	0.1848
GTTTT	10	63	0.2810	0.1141
TGCGA	1	58	0.0281	0.1051
TGACA	5	49	0.1405	0.0888
TGCGC	4	52	0.1124	0.0942
TGACC	4	36	0.1124	0.0652
TGCGG	4	71	0.1124	0.1286
TGACG	5	78	0.1405	0.1413
TGCGT	8	101	0.2248	0.1829
TGACT	2	46	0.0562	0.0833
TTCAC	4	46	0.1124	0.0833
TTCAA	6	58	0.1686	0.1051
GTCTG	7	64	0.1967	0.1159
GTCTC	2	31	0.0562	0.0562
GTCTA	1	33	0.0281	0.0598
TTCAG	3	54	0.0843	0.0978
TTCAT	7	73	0.1967	0.1322
TTTCC	4	60	0.1124	0.1087
TTTCA	6	52	0.1686	0.0942
GTCTT	0	58	0.0000	0.1051
TTTCG	2	48	0.0562	0.0869
CAGCG	5	71	0.1405	0.1286
CAGCC	3	47	0.0843	0.0851
CAGCA	2	57	0.0562	0.1032
CAGCT	2	50	0.0562	0.0906
TGTTT	9	107	0.2529	0.1938
TTGTT	9	122	0.2529	0.2210
CAGAG	6	70	0.1686	0.1268
CAGAC	1	32	0.0281	0.0580
CAGAA	8	65	0.2248	0.1177
CAGAT	7	61	0.1967	0.1105
TGCTA	4	59	0.1124	0.1069
TGCTC	5	92	0.1405	0.1666
TGCTG	8	106	0.2248	0.1920
GTATG	4	67	0.1124	0.1214
GTATC	0	44	0.0000	0.0797
GTATA	5	33	0.1405	0.0598
TGCTT	3	92	0.0843	0.1666
GTATT	6	86	0.1686	0.1558
TTAGC	4	55	0.1124	0.0996
TTAGA	0	55	0.0000	0.0996
TTAGG	2	45	0.0562	0.0815
TTAGT	4	63	0.1124	0.1141
TGTTA	6	61	0.1686	0.1105
TTGTC	2	57	0.0562	0.1032
TGTTC	8	67	0.2248	0.1214
TTGTA	5	61	0.1405	0.1105
TGTTG	8	76	0.2248	0.1377
TTGTG	6	61	0.1686	0.1105
ATATT	8	75	0.2248	0.1358
ATATG	5	50	0.1405	0.0906
ATATA	3	42	0.0843	0.0761
ATATC	6	64	0.1686	0.1159
ATTTC	6	83	0.1686	0.1503
ATTTG	8	98	0.2248	0.1775
ATTTA	9	105	0.2529	0.1902
TTATA	1	56	0.0281	0.1014
AGATT	6	71	0.1686	0.1286
TTATG	6	84	0.1686	0.1521
TTATC	11	102	0.3091	0.1848
AGATG	7	55	0.1967	0.0996
AGATA	3	55	0.0843	0.0996
AGATC	1	45	0.0281	0.0815
TTCTT	6	103	0.1686	0.1866
ATCTT	3	74	0.0843	0.1340
ATCTG	7	88	0.1967	0.1594
ATCTC	2	39	0.0562	0.0706
ATCTA	0	40	0.0000	0.0725
ATTTT	7	91	0.1967	0.1648
TTTTG	9	87	0.2529	0.1576
TTTTC	8	49	0.2248	0.0888
TTTTA	9	92	0.2529	0.1666
GAGAC	1	41	0.0281	0.0743
CTATC	2	38	0.0562	0.0688
GAGAA	3	118	0.0843	0.2137
CTATA	1	45	0.0281	0.0815
TTTTT	27	63	0.7586	0.1141
GAGAG	4	169	0.1124	0.3061
AGCTG	3	74	0.0843	0.1340
GAGAT	1	67	0.0281	0.1214
CTATT	2	48	0.0562	0.0869
AGCTT	2	56	0.0562	0.1014
TTCTG	8	116	0.2248	0.2101
TTCTC	5	34	0.1405	0.0616
CTATG	4	33	0.1124	0.0598
TTCTA	4	54	0.1124	0.0978
AGCTC	0	53	0.0000	0.0960
AGCTA	1	49	0.0281	0.0888
GAGCC	2	33	0.0562	0.0598
GAGCA	9	82	0.2529	0.1485
GAGCG	4	67	0.1124	0.1214
GAGCT	1	58	0.0281	0.1051
TGATA	6	67	0.1686	0.1214
TGATC	5	81	0.1405	0.1467
TGATG	14	110	0.3934	0.1992
TGATT	11	141	0.3091	0.2554
