Kmer	RefCount	ReadCount	RefPc	ReadPc
CTCTA	0	28	0.0000	0.0547
CTTTT	9	75	0.2529	0.1464
CTCTT	2	58	0.0562	0.1132
CTCTG	4	51	0.1124	0.0996
CTCTC	3	39	0.0843	0.0761
GAGGA	0	64	0.0000	0.1249
CGATG	8	78	0.2248	0.1523
GCGAA	1	46	0.0281	0.0898
GCGAC	2	34	0.0562	0.0664
GAGGG	4	70	0.1124	0.1367
CGATT	2	63	0.0562	0.1230
GAGGC	2	53	0.0562	0.1035
ATGTT	9	79	0.2529	0.1542
AGTTG	4	45	0.1124	0.0878
GCGAT	3	65	0.0843	0.1269
ATGTC	3	38	0.0843	0.0742
GCGAG	1	38	0.0281	0.0742
ATGTA	7	33	0.1967	0.0644
CGATA	3	65	0.0843	0.1269
GATAC	2	39	0.0562	0.0761
AGTTT	2	35	0.0562	0.0683
ATGTG	6	36	0.1686	0.0703
CGATC	1	47	0.0281	0.0918
GATAA	5	67	0.1405	0.1308
GAGGT	1	28	0.0281	0.0547
ATAGT	4	46	0.1124	0.0898
CTTTG	1	74	0.0281	0.1445
CTTTC	2	48	0.0562	0.0937
CTTTA	4	81	0.1124	0.1581
GATAG	2	65	0.0562	0.1269
AGTTC	4	44	0.1124	0.0859
GATAT	5	53	0.1405	0.1035
AGTTA	2	38	0.0562	0.0742
ATAGC	1	37	0.0281	0.0722
ATAGA	3	41	0.0843	0.0800
ATAGG	1	41	0.0281	0.0800
GCGCA	2	31	0.0562	0.0605
GCGCC	3	37	0.0843	0.0722
GCGCG	3	44	0.0843	0.0859
GACAG	4	36	0.1124	0.0703
GACAC	2	18	0.0562	0.0351
GACAA	2	43	0.0562	0.0839
AGGTT	1	32	0.0281	0.0625
GCGCT	5	33	0.1405	0.0644
ATTGT	6	63	0.1686	0.1230
GATCG	2	52	0.0562	0.1015
ATTGG	4	36	0.1124	0.0703
ATAAT	9	94	0.2529	0.1835
GACAT	3	19	0.0843	0.0371
GATCC	1	40	0.0281	0.0781
GATCA	4	68	0.1124	0.1327
ATTGA	5	68	0.1405	0.1327
AGGTG	2	35	0.0562	0.0683
ACATG	4	40	0.1124	0.0781
AGGTC	0	25	0.0000	0.0488
ATTGC	5	77	0.1405	0.1503
ATAAC	4	40	0.1124	0.0781
ACATT	2	50	0.0562	0.0976
GATCT	1	48	0.0281	0.0937
ATAAG	4	26	0.1124	0.0508
ATAAA	4	49	0.1124	0.0957
AGGTA	2	31	0.0562	0.0605
AGAGT	2	22	0.0562	0.0429
ACATC	4	89	0.1124	0.1737
ACATA	1	24	0.0281	0.0469
GACCA	0	17	0.0000	0.0332
CGCTG	6	37	0.1686	0.0722
TTATT	9	113	0.2529	0.2206
GACCG	1	25	0.0281	0.0488
CGCTT	6	25	0.1686	0.0488
GACCC	2	29	0.0562	0.0566
CGCTA	4	29	0.1124	0.0566
GACCT	4	31	0.1124	0.0605
CGCTC	2	32	0.0562	0.0625
ATACT	0	29	0.0000	0.0566
ATCGT	9	117	0.2529	0.2284
ATACG	2	50	0.0562	0.0976
ATCGG	5	80	0.1405	0.1562
ATCGA	6	67	0.1686	0.1308
ATACC	1	21	0.0281	0.0410
ATCGC	1	40	0.0281	0.0781
ATACA	4	48	0.1124	0.0937
GAAAA	7	62	0.1967	0.1210
GCGGG	5	64	0.1405	0.1249
CTAGG	0	31	0.0000	0.0605
ATTCT	3	47	0.0843	0.0918
CTAGT	1	22	0.0281	0.0429
GAAAG	5	38	0.1405	0.0742
CGTTA	3	63	0.0843	0.1230
GCGGA	4	50	0.1124	0.0976
CGTTC	1	52	0.0281	0.1015
GAAAC	2	79	0.0562	0.1542
GCGGC	3	70	0.0843	0.1367
GCTAA	5	36	0.1405	0.0703
GCGGT	2	35	0.0562	0.0683
GATGC	10	75	0.2810	0.1464
GCTAC	3	56	0.0843	0.1093
ACCTT	5	61	0.1405	0.1191
GATGA	6	69	0.1686	0.1347
GCTAG	2	38	0.0562	0.0742
ATCAT	7	74	0.1967	0.1445
ATTCC	6	58	0.1686	0.1132
CTAGC	0	29	0.0000	0.0566
CTAGA	2	19	0.0562	0.0371
GATGG	5	43	0.1405	0.0839
GAAAT	7	75	0.1967	0.1464
ATTCG	2	46	0.0562	0.0898
GATGT	11	49	0.3091	0.0957
CTGTT	6	59	0.1686	0.1152
CGTTT	8	50	0.2248	0.0976
GCTAT	1	28	0.0281	0.0547
ACCTC	2	32	0.0562	0.0625
ATTCA	5	61	0.1405	0.1191
ACCTG	3	55	0.0843	0.1074
ATCAC	5	55	0.1405	0.1074
ATCAA	7	62	0.1967	0.1210
ATCAG	2	101	0.0562	0.1972
CTGTC	4	48	0.1124	0.0937
CGTTG	6	83	0.1686	0.1620
CTGTA	2	24	0.0562	0.0469
AGACT	1	24	0.0281	0.0469
ACCTA	3	17	0.0843	0.0332
CTGTG	3	39	0.0843	0.0761
AGCGT	5	79	0.1405	0.1542
AGAGA	5	71	0.1405	0.1386
GCCAA	3	49	0.0843	0.0957
GAACC	2	36	0.0562	0.0703
AGAGC	6	44	0.1686	0.0859
GACGC	3	18	0.0843	0.0351
GAACA	5	72	0.1405	0.1406
TATAT	3	27	0.0843	0.0527
GACGA	0	38	0.0000	0.0742
GCCAG	3	34	0.0843	0.0664
GAACG	4	70	0.1124	0.1367
AGAGG	1	50	0.0281	0.0976
GACGG	2	29	0.0562	0.0566
GCCAC	2	30	0.0562	0.0586
GCTCC	0	44	0.0000	0.0859
GACGT	8	55	0.2248	0.1074
TATAG	2	16	0.0562	0.0312
GCTCG	1	70	0.0281	0.1367
TCGAT	4	77	0.1124	0.1503
TATAC	0	29	0.0000	0.0566
TATAA	5	40	0.1405	0.0781
TAGGT	0	44	0.0000	0.0859
ATCCT	2	43	0.0562	0.0839
GCCAT	5	58	0.1405	0.1132
GCTCA	2	51	0.0562	0.0996
GAACT	3	27	0.0843	0.0527
GCTCT	4	64	0.1124	0.1249
TCGAG	1	43	0.0281	0.0839
TAGGG	0	39	0.0000	0.0761
TCGAC	5	30	0.1405	0.0586
TCGAA	1	43	0.0281	0.0839
TAGGC	1	67	0.0281	0.1308
TAGGA	3	40	0.0843	0.0781
ATCCC	2	34	0.0562	0.0664
ATCCG	1	50	0.0281	0.0976
ATCCA	1	52	0.0281	0.1015
GCCCC	2	33	0.0562	0.0644
GCCCA	3	43	0.0843	0.0839
CTACG	0	25	0.0000	0.0488
CTCGG	0	39	0.0000	0.0761
CTACC	2	27	0.0562	0.0527
AGAAC	4	36	0.1124	0.0703
CTCGT	1	70	0.0281	0.1367
GCCCG	1	47	0.0281	0.0918
AGAAA	10	72	0.2810	0.1406
TAGAT	3	24	0.0843	0.0469
CTCGC	3	26	0.0843	0.0508
CTACA	2	42	0.0562	0.0820
CTCGA	4	47	0.1124	0.0918
TAGAG	2	31	0.0562	0.0605
GCCCT	2	28	0.0562	0.0547
TAGAC	0	27	0.0000	0.0527
TAGAA	4	47	0.1124	0.0918
AGCCG	1	54	0.0281	0.1054
CTACT	1	38	0.0281	0.0742
AGCCT	3	47	0.0843	0.0918
GCAAC	4	69	0.1124	0.1347
GAAGG	3	50	0.0843	0.0976
GGGAC	0	28	0.0000	0.0547
CCATA	2	31	0.0562	0.0605
ACTTT	2	38	0.0562	0.0742
CTAAG	1	24	0.0281	0.0469
CGGTA	1	41	0.0281	0.0800
GCAAA	6	57	0.1686	0.1113
AGCGA	3	62	0.0843	0.1210
CGGTC	3	27	0.0843	0.0527
GGGAG	1	55	0.0281	0.1074
GAAGC	5	82	0.1405	0.1601
CTAAC	2	31	0.0562	0.0605
GAAGA	6	79	0.1686	0.1542
CTAAA	7	32	0.1967	0.0625
CGGTG	4	27	0.1124	0.0527
CTTGC	1	47	0.0281	0.0918
AGCGG	3	59	0.0843	0.1152
AGACG	1	41	0.0281	0.0800
CTTGA	3	44	0.0843	0.0859
GCAAG	3	41	0.0843	0.0800
AGACA	2	28	0.0562	0.0547
AGCGC	4	38	0.1124	0.0742
GGGAA	5	103	0.1405	0.2011
AGACC	0	27	0.0000	0.0527
ATTAT	11	108	0.3091	0.2108
GCTGG	6	57	0.1686	0.1113
ACTTC	3	52	0.0843	0.1015
AAATT	5	52	0.1405	0.1015
GGGAT	3	72	0.0843	0.1406
GAAGT	4	52	0.1124	0.1015
TAGCT	1	50	0.0281	0.0976
ACTTG	2	27	0.0562	0.0527
ATTAC	6	68	0.1686	0.1327
GCTGA	10	77	0.2810	0.1503
ATTAA	10	105	0.2810	0.2050
ATGGT	5	64	0.1405	0.1249
CCATG	1	43	0.0281	0.0839
GAGTC	1	27	0.0281	0.0527
CGAGT	1	26	0.0281	0.0508
GCTGC	4	69	0.1124	0.1347
ATTAG	1	57	0.0281	0.1113
GAGTA	4	23	0.1124	0.0449
GCAAT	11	86	0.3091	0.1679
CCATC	2	58	0.0562	0.1132
TAGCG	3	31	0.0843	0.0605
AAATC	7	56	0.1967	0.1093
TAGCC	1	38	0.0281	0.0742
AAATG	7	62	0.1967	0.1210
TAGCA	4	32	0.1124	0.0625
CTTGT	2	26	0.0562	0.0508
GAGTG	1	44	0.0281	0.0859
GAGTT	4	25	0.1124	0.0488
ATGGC	4	43	0.1124	0.0839
ACTTA	1	45	0.0281	0.0878
GCTGT	2	48	0.0562	0.0937
CCATT	6	56	0.1686	0.1093
AGTGT	3	39	0.0843	0.0761
ATGGG	3	42	0.0843	0.0820
CGGTT	2	40	0.0562	0.0781
AGAAG	3	67	0.0843	0.1308
CTTGG	1	28	0.0281	0.0547
CTAAT	2	53	0.0562	0.1035
ATGGA	2	49	0.0562	0.0957
AGTGG	1	31	0.0281	0.0605
AGAAT	3	46	0.0843	0.0898
AAATA	7	41	0.1967	0.0800
AGTGA	2	46	0.0562	0.0898
AGTGC	3	59	0.0843	0.1152
GCCGG	5	50	0.1405	0.0976
CTCCG	6	52	0.1686	0.1015
GGGCG	3	49	0.0843	0.0957
GCACC	1	33	0.0281	0.0644
GCCGC	3	31	0.0843	0.0605
GCACA	3	37	0.0843	0.0722
CTCCC	1	27	0.0281	0.0527
AATTT	7	75	0.1967	0.1464
GCCGA	0	23	0.0000	0.0449
CTCCA	1	52	0.0281	0.1015
TCTAT	3	45	0.0843	0.0878
AGCAA	8	77	0.2248	0.1503
TATGT	7	46	0.1967	0.0898
AGCAC	3	34	0.0843	0.0664
GGGCA	2	46	0.0562	0.0898
GGGCC	1	30	0.0281	0.0586
GCACG	2	45	0.0562	0.0878
AATTC	4	39	0.1124	0.0761
GGGCT	2	60	0.0562	0.1171
GCACT	1	34	0.0281	0.0664
AATTA	9	93	0.2529	0.1816
GCCGT	1	58	0.0281	0.1132
AGTAT	3	31	0.0843	0.0605
TCTAG	0	29	0.0000	0.0566
AATTG	4	73	0.1124	0.1425
ACGTT	7	49	0.1967	0.0957
TCTAC	0	50	0.0000	0.0976
TATGG	1	42	0.0281	0.0820
TAAAT	5	32	0.1405	0.0625
TCTAA	2	49	0.0562	0.0957
TCGGT	3	37	0.0843	0.0722
ATGAT	8	89	0.2248	0.1737
TATGC	5	62	0.1405	0.1210
TATGA	6	41	0.1686	0.0800
ATGAG	5	75	0.1405	0.1464
AGTAG	6	27	0.1686	0.0527
ACGTA	2	56	0.0562	0.1093
TAAAG	3	23	0.0843	0.0449
AGTAC	0	39	0.0000	0.0761
CGAGA	0	41	0.0000	0.0800
ACGTC	3	84	0.0843	0.1640
TCGGG	1	85	0.0281	0.1659
TAAAC	5	84	0.1405	0.1640
CGAGC	3	51	0.0843	0.0996
TAAAA	8	33	0.2248	0.0644
ACGTG	2	57	0.0562	0.1113
TCGGC	1	58	0.0281	0.1132
CGAGG	1	37	0.0281	0.0722
ATGAC	3	20	0.0843	0.0390
TCGGA	3	57	0.0843	0.1113
ATGAA	6	85	0.1686	0.1659
CTCCT	3	37	0.0843	0.0722
AGGGG	0	39	0.0000	0.0761
AGTAA	9	48	0.2529	0.0937
AGGGT	1	49	0.0281	0.0957
ACAGT	5	33	0.1405	0.0644
CTCAC	0	22	0.0000	0.0429
CTCAA	4	33	0.1124	0.0644
AGCCC	2	47	0.0562	0.0918
TCTCT	5	52	0.1405	0.1015
AGCCA	3	56	0.0843	0.1093
CTCAG	2	24	0.0562	0.0469
CGACG	2	32	0.0562	0.0625
AACTT	2	34	0.0562	0.0664
TCTCG	3	53	0.0843	0.1035
TCCAT	2	51	0.0562	0.0996
CCCTG	4	30	0.1124	0.0586
TCTCC	3	26	0.0843	0.0508
TAACT	2	21	0.0562	0.0410
TCTCA	1	23	0.0281	0.0449
TACGT	1	48	0.0281	0.0937
CGCGT	2	43	0.0562	0.0839
CCCTC	4	21	0.1124	0.0410
ATGCT	7	104	0.1967	0.2030
CGACT	2	47	0.0562	0.0918
CCCTA	1	17	0.0281	0.0332
AACTC	4	22	0.1124	0.0429
AACTA	2	20	0.0562	0.0390
ATGCG	2	60	0.0562	0.1171
CTTCT	5	54	0.1405	0.1054
AACTG	5	50	0.1405	0.0976
TCCAG	2	45	0.0562	0.0878
AGCAT	3	72	0.0843	0.1406
TAACG	3	62	0.0843	0.1210
AGTCG	1	48	0.0281	0.0937
TACGG	1	42	0.0281	0.0820
ATGCA	7	71	0.1967	0.1386
TCCAC	2	27	0.0562	0.0527
AGTCT	5	30	0.1405	0.0586
TAACC	2	57	0.0562	0.1113
TCCAA	0	39	0.0000	0.0761
TAACA	6	40	0.1686	0.0781
CCCTT	2	34	0.0562	0.0664
TACGC	0	39	0.0000	0.0761
TACGA	3	47	0.0843	0.0918
ATGCC	6	41	0.1686	0.0800
CTTCG	4	58	0.1124	0.1132
CTCAT	1	46	0.0281	0.0898
CTTCC	2	54	0.0562	0.1054
CTTCA	4	67	0.1124	0.1308
AGCAG	6	50	0.1686	0.0976
GCAGA	8	59	0.2248	0.1152
AGTCA	3	30	0.0843	0.0586
AGTCC	1	38	0.0281	0.0742
CTGGG	2	34	0.0562	0.0664
CGTGG	7	90	0.1967	0.1757
CGAAT	2	35	0.0562	0.0683
GCAGG	2	50	0.0562	0.0976
CTGGC	4	44	0.1124	0.0859
TATCT	5	62	0.1405	0.1210
GCAGC	5	69	0.1405	0.1347
CTGGA	4	60	0.1124	0.1171
GGGGA	1	73	0.0281	0.1425
GGGGC	1	66	0.0281	0.1288
CGTGT	3	93	0.0843	0.1816
GGGGG	1	53	0.0281	0.1035
GGTAG	1	40	0.0281	0.0781
GCGTA	4	71	0.1124	0.1386
GCGTC	2	65	0.0562	0.1269
CGAAG	2	49	0.0562	0.0957
GTGAC	3	31	0.0843	0.0605
GTGAA	6	62	0.1686	0.1210
TATCG	8	72	0.2248	0.1406
GCAGT	4	38	0.1124	0.0742
TCGCT	5	30	0.1405	0.0586
GCGTG	9	109	0.2529	0.2128
TACAT	1	64	0.0281	0.1249
CAATG	4	61	0.1124	0.1191
TATCC	1	48	0.0281	0.0937
TATCA	5	53	0.1405	0.1035
CGTGA	6	83	0.1686	0.1620
CAATC	7	75	0.1967	0.1464
GGTAC	2	28	0.0562	0.0547
GGGGT	1	40	0.0281	0.0781
CGTGC	2	52	0.0562	0.1015
CAATA	4	45	0.1124	0.0878
GGTAA	3	30	0.0843	0.0586
GATTA	8	85	0.2248	0.1659
CTTAT	4	57	0.1124	0.1113
TACAG	1	39	0.0281	0.0761
GTGAT	8	75	0.2248	0.1464
GCGTT	4	70	0.1124	0.1367
TCGCG	2	43	0.0562	0.0839
ACACT	0	18	0.0000	0.0351
TACAC	3	39	0.0843	0.0761
AGGCT	4	36	0.1124	0.0703
TCGCC	3	35	0.0843	0.0683
TACAA	5	54	0.1405	0.1054
CCTTG	2	33	0.0562	0.0644
CGCGA	2	36	0.0562	0.0703
TCGCA	3	39	0.0843	0.0761
GATTG	5	67	0.1405	0.1308
CGCGC	1	26	0.0281	0.0508
CGACA	4	35	0.1124	0.0683
CCTTC	3	52	0.0843	0.1015
CGACC	2	21	0.0562	0.0410
CAATT	7	62	0.1967	0.1210
GGTAT	1	59	0.0281	0.1152
CCTTA	2	48	0.0562	0.0937
GATTC	1	61	0.0281	0.1191
CGCGG	4	46	0.1124	0.0898
GTGAG	3	46	0.0843	0.0898
AGGCG	3	71	0.0843	0.1386
ACACG	7	34	0.1967	0.0664
ACCGG	1	31	0.0281	0.0605
CTTAC	0	34	0.0000	0.0664
AGGCC	1	22	0.0281	0.0429
CTTAA	2	57	0.0562	0.1113
CTGGT	5	50	0.1405	0.0976
CCTTT	5	81	0.1405	0.1581
ACCGT	3	47	0.0843	0.0918
GATTT	9	107	0.2529	0.2089
CTTAG	0	52	0.0000	0.1015
GGCAG	4	71	0.1124	0.1386
CGCCT	2	32	0.0562	0.0625
AGGGC	2	33	0.0562	0.0644
ACAGC	2	56	0.0562	0.1093
GGCAA	6	56	0.1686	0.1093
ACAGA	3	39	0.0843	0.0761
ACAGG	2	55	0.0562	0.1074
GGCAC	0	38	0.0000	0.0742
AGGGA	3	71	0.0843	0.1386
GACTA	1	26	0.0281	0.0508
GTGCG	5	48	0.1405	0.0937
GGTCG	2	61	0.0562	0.1191
CGCCG	3	28	0.0843	0.0547
GTGCC	0	37	0.0000	0.0722
GTGCA	2	41	0.0562	0.0800
GGTCA	3	68	0.0843	0.1327
TACCT	4	37	0.1124	0.0722
GACTG	2	40	0.0562	0.0781
GGTCC	2	26	0.0562	0.0508
GGCAT	3	66	0.0843	0.1288
GACTC	1	36	0.0281	0.0703
TACCG	2	27	0.0562	0.0527
GTGCT	3	59	0.0843	0.1152
TACCC	1	28	0.0281	0.0547
TACCA	2	30	0.0562	0.0586
CGAAA	1	47	0.0281	0.0918
GACTT	2	40	0.0562	0.0781
CGAAC	2	48	0.0562	0.0937
GGTCT	1	30	0.0281	0.0586
CGTCC	1	58	0.0281	0.1132
CTGCC	5	47	0.1405	0.0918
CGCAT	1	28	0.0281	0.0547
CTGCA	4	77	0.1124	0.1503
CGTCG	3	96	0.0843	0.1874
GGCCA	2	28	0.0562	0.0547
AAAGA	5	40	0.1405	0.0781
GGCCC	0	27	0.0000	0.0527
ACAAA	8	40	0.2248	0.0781
CTGCG	6	70	0.1686	0.1367
GGCCG	1	31	0.0281	0.0605
AAAGC	5	37	0.1405	0.0722
CGCAC	2	41	0.0562	0.0800
CGCAG	3	39	0.0843	0.0761
CACTG	2	32	0.0562	0.0625
CACTC	0	29	0.0000	0.0566
TCACT	6	40	0.1686	0.0781
CACTA	1	18	0.0281	0.0351
GGCCT	2	33	0.0562	0.0644
TCCGT	2	87	0.0562	0.1698
CGTCA	6	104	0.1686	0.2030
ACCCT	5	26	0.1405	0.0508
TCACG	2	42	0.0562	0.0820
TCCGG	3	51	0.0843	0.0996
CACTT	4	38	0.1124	0.0742
CGCCA	5	43	0.1405	0.0839
TCACC	4	31	0.1124	0.0605
CGCCC	1	25	0.0281	0.0488
TCCGC	1	36	0.0281	0.0703
TCACA	1	48	0.0281	0.0937
CGTCT	2	62	0.0562	0.1210
CTGCT	6	85	0.1686	0.1659
TCCGA	3	29	0.0843	0.0566
ACCCC	0	22	0.0000	0.0429
ACCCG	0	36	0.0000	0.0703
CGTAA	4	77	0.1124	0.1503
CGGGT	3	50	0.0843	0.0976
CTGAA	7	66	0.1967	0.1288
CCAGT	0	17	0.0000	0.0332
CGTAC	2	49	0.0562	0.0957
GGTGA	4	50	0.1124	0.0976
CGTAG	1	75	0.0281	0.1464
GGAAA	5	74	0.1405	0.1445
ACCGA	2	30	0.0562	0.0586
GGAAC	5	40	0.1405	0.0781
AGGCA	3	75	0.0843	0.1464
CTGAG	2	52	0.0562	0.1015
ACACC	1	26	0.0281	0.0508
GGAAG	4	97	0.1124	0.1894
CCAGG	1	29	0.0281	0.0566
ACCGC	5	27	0.1405	0.0527
ACACA	3	42	0.0843	0.0820
CTGAC	7	45	0.1967	0.0878
GAATC	2	41	0.0562	0.0800
CGGGG	2	87	0.0562	0.1698
TGGCA	4	46	0.1124	0.0898
GAATA	5	65	0.1405	0.1269
GTGGG	1	46	0.0281	0.0898
TGGCC	3	22	0.0843	0.0429
CCGTG	3	73	0.0843	0.1425
AAGTT	3	32	0.0843	0.0625
GTGGC	3	47	0.0843	0.0918
TGGCG	5	55	0.1405	0.1074
CCGTC	1	60	0.0281	0.1171
GGTGC	4	40	0.1124	0.0781
GTGGA	3	43	0.0843	0.0839
CCGTA	2	60	0.0562	0.1171
GGAAT	4	83	0.1124	0.1620
GAATG	3	67	0.0843	0.1308
GGTGG	2	45	0.0562	0.0878
GAATT	5	81	0.1405	0.1581
AGGAT	1	59	0.0281	0.1152
ACTGG	2	33	0.0562	0.0644
ACAAT	4	50	0.1124	0.0976
GTTAG	4	39	0.1124	0.0761
GCTTG	1	43	0.0281	0.0839
TGGCT	2	56	0.0562	0.1093
AAGTC	2	30	0.0562	0.0586
GTTAC	1	60	0.0281	0.1171
AAGTA	4	34	0.1124	0.0664
CATTG	4	53	0.1124	0.1035
GTTAA	4	64	0.1124	0.1249
GTGGT	5	62	0.1405	0.1210
CCGTT	3	55	0.0843	0.1074
AAGTG	3	35	0.0843	0.0683
CATTC	6	38	0.1686	0.0742
GGTGT	3	26	0.0843	0.0508
ACTGT	1	35	0.0281	0.0683
CATTA	6	72	0.1686	0.1406
GCTTA	3	53	0.0843	0.1035
CGCAA	3	47	0.0843	0.0918
GCTTC	5	56	0.1405	0.1093
GCTTT	4	79	0.1124	0.1542
CGTAT	3	69	0.0843	0.1347
AGGAG	2	41	0.0562	0.0800
ACAAC	5	74	0.1405	0.1445
AAAGG	3	15	0.0843	0.0293
GGCGA	1	47	0.0281	0.0918
AGGAA	5	66	0.1405	0.1288
GTTAT	6	75	0.1686	0.1464
GGCGC	4	51	0.1124	0.0996
AGGAC	2	31	0.0562	0.0605
ACAAG	1	38	0.0281	0.0742
GGACA	0	20	0.0000	0.0390
CATTT	6	79	0.1686	0.1542
AAAGT	4	22	0.1124	0.0429
ACTGC	5	61	0.1405	0.1191
CTGAT	11	63	0.3091	0.1230
ACTGA	6	51	0.1686	0.0996
GGACC	1	30	0.0281	0.0586
GGCGG	3	65	0.0843	0.1269
GGACG	5	19	0.1405	0.0371
AACGC	5	56	0.1405	0.1093
AAACA	8	65	0.2248	0.1269
AACGA	4	94	0.1124	0.1835
GCCTC	3	44	0.0843	0.0859
GCCTA	3	23	0.0843	0.0449
AATGT	5	48	0.1405	0.0937
GTCAG	10	89	0.2810	0.1737
TGGAA	5	75	0.1405	0.1464
ACTAT	3	36	0.0843	0.0703
GTCAC	4	42	0.1124	0.0820
TGGAC	0	16	0.0000	0.0312
GGCGT	4	84	0.1124	0.1640
GTCAA	1	65	0.0281	0.1269
TCCCT	3	29	0.0843	0.0566
TGGAG	2	47	0.0562	0.0918
GGACT	1	36	0.0281	0.0703
GCCTG	4	45	0.1124	0.0878
GCCTT	0	41	0.0000	0.0800
ACTAA	2	25	0.0562	0.0488
ACGGT	2	38	0.0562	0.0742
AATGC	5	98	0.1405	0.1913
GTTCG	4	40	0.1124	0.0781
TGGAT	4	67	0.1124	0.1308
AATGG	3	64	0.0843	0.1249
AAAAT	8	52	0.2248	0.1015
GTCAT	4	64	0.1124	0.1249
TCCCG	4	40	0.1124	0.0781
ACTAC	0	16	0.0000	0.0312
GTTCC	1	46	0.0281	0.0898
GTTCA	5	32	0.1405	0.0625
TCCCC	2	31	0.0562	0.0605
ACTAG	0	21	0.0000	0.0410
CGGGA	4	76	0.1124	0.1484
TCCCA	0	34	0.0000	0.0664
CGGGC	2	52	0.0562	0.1015
AAAAC	12	42	0.3372	0.0820
CCAGC	4	62	0.1124	0.1210
ACGGC	1	55	0.0281	0.1074
AAAAA	17	29	0.4777	0.0566
CCAGA	5	47	0.1405	0.0918
AAAAG	3	31	0.0843	0.0605
ACGGG	3	70	0.0843	0.1367
GTTCT	5	56	0.1405	0.1093
AATGA	7	90	0.1967	0.1757
TAGTT	3	50	0.0843	0.0976
CGGCT	1	68	0.0281	0.1327
CCACG	1	29	0.0281	0.0566
CCCGG	3	30	0.0843	0.0586
ACCCA	4	49	0.1124	0.0957
TCTGT	7	47	0.1967	0.0918
CCACC	2	26	0.0562	0.0508
CGGCA	4	63	0.1124	0.1230
ACTCT	0	28	0.0000	0.0547
CGGCC	0	45	0.0000	0.0878
TAGTG	2	60	0.0562	0.1171
GTCCG	1	44	0.0281	0.0859
CGGCG	1	72	0.0281	0.1406
TAGTC	3	49	0.0843	0.0957
TAGTA	4	49	0.1124	0.0957
GTCCC	0	30	0.0000	0.0586
TCTGG	5	58	0.1405	0.1132
TCAAT	6	66	0.1686	0.1288
GTCCA	1	14	0.0281	0.0273
CCACT	0	25	0.0000	0.0488
TCTGC	8	88	0.2248	0.1718
CCCGT	3	57	0.0843	0.1113
TAAGT	4	28	0.1124	0.0547
AAACT	5	40	0.1405	0.0781
TCTGA	6	53	0.1686	0.1035
ACTCC	2	43	0.0562	0.0839
AACGT	3	104	0.0843	0.2030
ACTCA	3	21	0.0843	0.0410
ACTCG	1	29	0.0281	0.0566
ACCAT	2	39	0.0562	0.0761
TCAAG	1	34	0.0281	0.0664
GTCCT	4	58	0.1124	0.1132
TAAGG	5	26	0.1405	0.0508
TCAAC	3	68	0.0843	0.1327
TCAAA	8	40	0.2248	0.0781
TAAGC	1	55	0.0281	0.1074
TAAGA	2	24	0.0562	0.0469
ACCAC	1	32	0.0281	0.0625
AACGG	3	86	0.0843	0.1679
GGAGA	1	57	0.0281	0.1113
ACCAA	1	38	0.0281	0.0742
AAACC	6	70	0.1686	0.1367
GGAGC	2	55	0.0562	0.1074
ACCAG	2	34	0.0562	0.0664
AAACG	4	108	0.1124	0.2108
CCTGA	5	46	0.1405	0.0898
CGGAT	2	36	0.0562	0.0703
GGAGT	4	18	0.1124	0.0351
GGAGG	3	66	0.0843	0.1288
CCAAG	0	31	0.0000	0.0605
CCAAC	3	58	0.0843	0.1132
CAAGG	1	29	0.0281	0.0566
TGAAA	5	61	0.1405	0.1191
CCAAA	2	44	0.0562	0.0859
TGAAC	3	81	0.0843	0.1581
CGGAA	3	50	0.0843	0.0976
CAGTG	3	36	0.0843	0.0703
GGGTG	1	36	0.0281	0.0703
GCATC	3	91	0.0843	0.1776
TGAAG	9	50	0.2529	0.0976
CGGAC	5	30	0.1405	0.0586
GTAAG	4	41	0.1124	0.0800
GCATA	2	32	0.0562	0.0625
CAGTC	4	40	0.1124	0.0781
AATCT	6	65	0.1686	0.1269
CGGAG	5	53	0.1405	0.1035
CAGTA	6	39	0.1686	0.0761
GTAAC	2	48	0.0562	0.0937
TGTGA	8	36	0.2248	0.0703
GTAAA	6	36	0.1686	0.0703
CCTGG	2	40	0.0562	0.0781
CCAAT	1	41	0.0281	0.0800
TGTGC	1	33	0.0281	0.0644
GGGTA	1	36	0.0281	0.0703
CAAGT	0	29	0.0000	0.0566
GGGTC	1	66	0.0281	0.1288
CCTGC	4	62	0.1124	0.1210
GCATG	2	58	0.0562	0.1132
TGTGG	2	32	0.0562	0.0625
AATCA	8	83	0.2248	0.1620
TGAAT	6	90	0.1686	0.1757
TTGGG	1	45	0.0281	0.0878
GCATT	6	66	0.1686	0.1288
AACAT	5	72	0.1405	0.1406
ACGCT	4	31	0.1124	0.0605
TTGGC	3	45	0.0843	0.0878
AATCC	3	47	0.0843	0.0918
CAGTT	2	55	0.0562	0.1074
TTGGA	2	53	0.0562	0.1035
GTTGG	3	77	0.0843	0.1503
GTAAT	9	91	0.2529	0.1776
AATCG	5	72	0.1405	0.1406
GTTGC	8	58	0.2248	0.1132
GTTGA	6	64	0.1686	0.1249
GGGTT	4	44	0.1124	0.0859
CCTGT	5	40	0.1405	0.0781
TGTGT	4	50	0.1124	0.0976
ACGCA	3	54	0.0843	0.1054
CCACA	2	33	0.0562	0.0644
CCCGC	0	30	0.0000	0.0586
AACAA	10	65	0.2810	0.1269
TTTAC	8	87	0.2248	0.1698
CCCGA	2	44	0.0562	0.0859
TTGGT	7	73	0.1967	0.1425
TTTAA	6	55	0.1686	0.1074
ACGCC	2	24	0.0562	0.0469
AACAC	4	33	0.1124	0.0644
ACGCG	3	32	0.0843	0.0625
GTTGT	6	71	0.1686	0.1386
AACAG	3	66	0.0843	0.1288
TTTAG	5	78	0.1405	0.1523
TCTTG	2	42	0.0562	0.0820
CCCCG	3	38	0.0843	0.0742
TAATT	7	85	0.1967	0.1659
TCTTC	4	73	0.1124	0.1425
CCCCC	2	16	0.0562	0.0312
ACGGA	2	36	0.0562	0.0703
TCTTA	0	54	0.0000	0.1054
CCCCA	0	29	0.0000	0.0566
TGCCA	3	44	0.0843	0.0859
TGCCC	5	52	0.1405	0.1015
TGCCG	4	49	0.1124	0.0957
GTACG	0	39	0.0000	0.0761
TAATG	6	110	0.1686	0.2147
GTCGG	2	77	0.0562	0.1503
GTACC	2	30	0.0562	0.0586
CCCCT	1	19	0.0281	0.0371
GTACA	1	31	0.0281	0.0605
TAATC	6	95	0.1686	0.1855
GTCGC	2	48	0.0562	0.0937
TAATA	10	71	0.2810	0.1386
GTCGA	0	47	0.0000	0.0918
TGCCT	3	40	0.0843	0.0781
AACCT	5	74	0.1405	0.1445
GTACT	1	41	0.0281	0.0800
GTCGT	3	87	0.0843	0.1698
CAAGC	2	53	0.0562	0.1035
AACCC	4	45	0.1124	0.0878
CAAGA	2	33	0.0562	0.0644
AACCA	1	62	0.0281	0.1210
AACCG	5	55	0.1405	0.1074
TATTG	7	51	0.1967	0.0996
CCCAG	3	42	0.0843	0.0820
TCGTT	4	73	0.1124	0.1425
TATTC	5	74	0.1405	0.1445
CAACG	4	100	0.1124	0.1952
TATTA	5	88	0.1405	0.1718
CCCAC	0	24	0.0000	0.0469
CACGG	2	42	0.0562	0.0820
CCCAA	2	49	0.0562	0.0957
CAACC	5	72	0.1405	0.1406
CACGC	4	28	0.1124	0.0547
CAACA	3	59	0.0843	0.1152
TGCAA	7	73	0.1967	0.1425
TGCAC	2	37	0.0562	0.0722
TCGTG	4	79	0.1124	0.1542
CCTCG	3	30	0.0843	0.0586
TGCAG	6	56	0.1686	0.1093
TCGTC	6	111	0.1686	0.2167
CCCAT	2	40	0.0562	0.0781
CAACT	3	38	0.0843	0.0742
TCGTA	2	85	0.0562	0.1659
CCTCC	6	55	0.1686	0.1074
CACGT	2	39	0.0562	0.0761
CCTCA	1	30	0.0281	0.0586
TGTCA	7	58	0.1967	0.1132
TGTCC	2	24	0.0562	0.0469
TCAGT	6	82	0.1686	0.1601
TTGCC	4	60	0.1124	0.1171
TGCAT	6	81	0.1686	0.1581
TTGCA	8	58	0.2248	0.1132
TGTCG	1	53	0.0281	0.1035
CCTCT	0	32	0.0000	0.0625
TCAGG	4	59	0.1124	0.1152
TTGCG	4	48	0.1124	0.0937
TCAGC	1	94	0.0281	0.1835
TGTCT	2	42	0.0562	0.0820
TCAGA	6	45	0.1686	0.0878
TTGCT	4	78	0.1124	0.1523
GTAGA	4	30	0.1124	0.0586
CAAAG	6	22	0.1686	0.0429
CCGGG	2	46	0.0562	0.0898
TACTT	0	50	0.0000	0.0976
CAAAC	4	77	0.1124	0.1503
CCGGC	1	65	0.0281	0.1269
CAAAA	8	30	0.2248	0.0586
CCGGA	6	26	0.1686	0.0508
TGGGA	1	38	0.0281	0.0742
TGGGC	3	34	0.0843	0.0664
TGGGG	1	53	0.0281	0.1035
CCTAG	1	13	0.0281	0.0254
AATAT	11	57	0.3091	0.1113
TACTG	5	58	0.1405	0.1132
CATGG	5	49	0.1405	0.0957
CAAAT	6	52	0.1686	0.1015
CCTAC	2	10	0.0562	0.0195
CCTAA	3	30	0.0843	0.0586
CCGGT	3	25	0.0843	0.0488
TACTC	1	34	0.0281	0.0664
GTAGG	1	51	0.0281	0.0996
CATGC	2	41	0.0562	0.0800
TACTA	1	34	0.0281	0.0664
CATGA	3	69	0.0843	0.1347
GTAGC	4	38	0.1124	0.0742
TGTAA	5	61	0.1405	0.1191
TGGGT	2	42	0.0562	0.0820
TTGAA	4	69	0.1124	0.1347
TGTAC	0	25	0.0000	0.0488
GTGTG	0	39	0.0000	0.0761
AATAC	4	49	0.1124	0.0957
TGTAG	4	44	0.1124	0.0859
AATAA	7	67	0.1967	0.1308
AAGGT	3	19	0.0843	0.0371
GTGTC	3	39	0.0843	0.0761
CCTAT	2	19	0.0562	0.0371
AATAG	4	49	0.1124	0.0957
GTGTA	3	56	0.0843	0.1093
GGTTC	2	32	0.0562	0.0625
ACGAT	5	72	0.1405	0.1406
GGTTA	4	52	0.1124	0.1015
TTGAG	3	50	0.0843	0.0976
GGTTG	5	44	0.1405	0.0859
CATGT	2	43	0.0562	0.0839
GTAGT	3	67	0.0843	0.1308
TTGAC	3	44	0.0843	0.0859
CACGA	4	41	0.1124	0.0800
AAGGC	4	28	0.1124	0.0547
AAGGA	5	37	0.1405	0.0722
ACGAC	0	41	0.0000	0.0800
TGTAT	8	50	0.2248	0.0976
GTGTT	7	75	0.1967	0.1464
AAGGG	0	36	0.0000	0.0703
ACGAA	4	65	0.1124	0.1269
ACGAG	2	42	0.0562	0.0820
TATTT	8	67	0.2248	0.1308
TTGAT	9	96	0.2529	0.1874
GGTTT	5	57	0.1405	0.1113
TTTGT	8	93	0.2248	0.1816
CACCG	3	28	0.0843	0.0547
CACCC	2	31	0.0562	0.0605
CACCA	3	34	0.0843	0.0664
TCATT	8	70	0.2248	0.1367
CACCT	0	23	0.0000	0.0449
TTCGC	7	33	0.1967	0.0644
TTACA	3	75	0.0843	0.1464
GGCTA	2	42	0.0562	0.0820
TCATG	5	61	0.1405	0.1191
TTCGA	1	32	0.0281	0.0625
GGCTC	0	53	0.0000	0.1035
TCATC	2	65	0.0562	0.1269
GGCTG	5	57	0.1405	0.1113
TCATA	4	46	0.1124	0.0898
TTACG	3	62	0.0843	0.1210
TTCGG	1	41	0.0281	0.0800
TTACC	4	44	0.1124	0.0859
AAGAT	6	39	0.1686	0.0761
GGCTT	2	68	0.0562	0.1327
TTACT	5	68	0.1405	0.1327
AAGAA	5	64	0.1405	0.1249
TTCGT	3	74	0.0843	0.1445
AAGAC	2	29	0.0562	0.0566
AAGAG	2	44	0.0562	0.0859
CCGCG	1	32	0.0281	0.0625
CACAG	4	42	0.1124	0.0820
CCGCC	3	32	0.0843	0.0625
TGAGA	3	42	0.0843	0.0820
CACAC	2	30	0.0562	0.0586
CCGCA	1	31	0.0281	0.0605
TGAGC	5	65	0.1405	0.1269
CACAA	1	40	0.0281	0.0781
TGAGG	2	62	0.0562	0.1210
CATCG	6	108	0.1686	0.2108
CACAT	2	48	0.0562	0.0937
CCGCT	4	29	0.1124	0.0566
CATCC	1	44	0.0281	0.0859
CATCA	4	88	0.1124	0.1718
TGAGT	3	53	0.0843	0.1035
TGGTA	3	50	0.0843	0.0976
TTAAG	4	42	0.1124	0.0820
TGGTC	4	66	0.1124	0.1288
TTAAC	5	61	0.1405	0.1191
TGGTG	6	63	0.1686	0.1230
TTAAA	4	55	0.1124	0.1074
TTTGA	5	82	0.1405	0.1601
CATCT	0	64	0.0000	0.1249
AAGCT	2	58	0.0562	0.1132
TTAAT	9	123	0.2529	0.2401
TTTGG	5	75	0.1405	0.1464
TGGTT	9	70	0.2529	0.1367
AAGCC	3	56	0.0843	0.1093
TTTGC	6	62	0.1686	0.1210
AAGCA	5	64	0.1405	0.1249
AAGCG	3	49	0.0843	0.0957
TTTCT	10	87	0.2810	0.1698
CCGAG	1	32	0.0281	0.0625
CCGAC	3	30	0.0843	0.0586
GGATA	2	45	0.0562	0.0878
CAGGG	2	48	0.0562	0.0937
CCGAA	1	25	0.0281	0.0488
TCCTT	5	78	0.1405	0.1523
CAGGC	4	56	0.1124	0.1093
CAGGA	2	56	0.0562	0.1093
CATAG	1	35	0.0281	0.0683
CCGAT	2	39	0.0562	0.0761
CATAC	1	31	0.0281	0.0605
TCCTG	5	57	0.1405	0.1113
CATAA	4	35	0.1124	0.0683
CAGGT	1	32	0.0281	0.0625
GGATC	1	45	0.0281	0.0878
TCCTC	1	50	0.0281	0.0976
GGATG	3	58	0.0843	0.1132
TCCTA	1	15	0.0281	0.0293
TTCCG	1	57	0.0281	0.1113
TTCCC	6	43	0.1686	0.0839
TTCCA	3	44	0.0843	0.0859
CATAT	3	32	0.0843	0.0625
GGATT	4	87	0.1124	0.1698
TTCCT	3	62	0.0843	0.1210
GTTTG	6	55	0.1686	0.1074
GTTTC	5	51	0.1405	0.0996
TCTTT	5	80	0.1405	0.1562
GTTTA	3	64	0.0843	0.1249
TTTAT	6	73	0.1686	0.1425
GTTTT	10	54	0.2810	0.1054
TGCGA	1	38	0.0281	0.0742
TGACA	5	33	0.1405	0.0644
TGCGC	4	30	0.1124	0.0586
TGACC	4	24	0.1124	0.0469
TGCGG	4	49	0.1124	0.0957
TGACG	5	48	0.1405	0.0937
TGCGT	8	109	0.2248	0.2128
TGACT	2	35	0.0562	0.0683
TTCAC	4	42	0.1124	0.0820
TTCAA	6	48	0.1686	0.0937
GTCTG	7	41	0.1967	0.0800
GTCTC	2	29	0.0562	0.0566
GTCTA	1	42	0.0281	0.0820
TTCAG	3	66	0.0843	0.1288
TTCAT	7	58	0.1967	0.1132
TTTCC	4	48	0.1124	0.0937
TTTCA	6	54	0.1686	0.1054
GTCTT	0	52	0.0000	0.1015
TTTCG	2	36	0.0562	0.0703
CAGCG	5	85	0.1405	0.1659
CAGCC	3	72	0.0843	0.1406
CAGCA	2	68	0.0562	0.1327
CAGCT	2	56	0.0562	0.1093
TGTTT	9	82	0.2529	0.1601
TTGTT	9	97	0.2529	0.1894
CAGAG	6	48	0.1686	0.0937
CAGAC	1	35	0.0281	0.0683
CAGAA	8	48	0.2248	0.0937
CAGAT	7	59	0.1967	0.1152
TGCTA	4	47	0.1124	0.0918
TGCTC	5	103	0.1405	0.2011
TGCTG	8	77	0.2248	0.1503
GTATG	4	62	0.1124	0.1210
GTATC	0	41	0.0000	0.0800
GTATA	5	29	0.1405	0.0566
TGCTT	3	99	0.0843	0.1933
GTATT	6	77	0.1686	0.1503
TTAGC	4	47	0.1124	0.0918
TTAGA	0	39	0.0000	0.0761
TTAGG	2	67	0.0562	0.1308
TTAGT	4	73	0.1124	0.1425
TGTTA	6	84	0.1686	0.1640
TTGTC	2	52	0.0562	0.1015
TGTTC	8	46	0.2248	0.0898
TTGTA	5	67	0.1405	0.1308
TGTTG	8	98	0.2248	0.1913
TTGTG	6	37	0.1686	0.0722
ATATT	8	53	0.2248	0.1035
ATATG	5	44	0.1405	0.0859
ATATA	3	35	0.0843	0.0683
ATATC	6	37	0.1686	0.0722
ATTTC	6	77	0.1686	0.1503
ATTTG	8	96	0.2248	0.1874
ATTTA	9	75	0.2529	0.1464
TTATA	1	37	0.0281	0.0722
AGATT	6	64	0.1686	0.1249
TTATG	6	70	0.1686	0.1367
TTATC	11	93	0.3091	0.1816
AGATG	7	30	0.1967	0.0586
AGATA	3	50	0.0843	0.0976
AGATC	1	34	0.0281	0.0664
TTCTT	6	77	0.1686	0.1503
ATCTT	3	62	0.0843	0.1210
ATCTG	7	77	0.1967	0.1503
ATCTC	2	48	0.0562	0.0937
ATCTA	0	52	0.0000	0.1015
ATTTT	7	80	0.1967	0.1562
TTTTG	9	87	0.2529	0.1698
TTTTC	8	49	0.2248	0.0957
TTTTA	9	73	0.2529	0.1425
GAGAC	1	29	0.0281	0.0566
CTATC	2	65	0.0562	0.1269
GAGAA	3	62	0.0843	0.1210
CTATA	1	11	0.0281	0.0215
TTTTT	27	40	0.7586	0.0781
GAGAG	4	64	0.1124	0.1249
AGCTG	3	80	0.0843	0.1562
GAGAT	1	56	0.0281	0.1093
CTATT	2	37	0.0562	0.0722
AGCTT	2	39	0.0562	0.0761
TTCTG	8	78	0.2248	0.1523
TTCTC	5	38	0.1405	0.0742
CTATG	4	15	0.1124	0.0293
TTCTA	4	51	0.1124	0.0996
AGCTC	0	40	0.0000	0.0781
AGCTA	1	40	0.0281	0.0781
GAGCC	2	38	0.0562	0.0742
GAGCA	9	69	0.2529	0.1347
GAGCG	4	73	0.1124	0.1425
GAGCT	1	35	0.0281	0.0683
TGATA	6	64	0.1686	0.1249
TGATC	5	82	0.1405	0.1601
TGATG	14	70	0.3934	0.1367
TGATT	11	106	0.3091	0.2069
