Kmer	RefCount	ReadCount	RefPc	ReadPc
CTCTA	0	25	0.0000	0.0445
CTTTT	9	51	0.2529	0.0907
CTCTT	2	43	0.0562	0.0765
CTCTG	4	62	0.1124	0.1103
CTCTC	3	51	0.0843	0.0907
GAGGA	0	43	0.0000	0.0765
CGATG	8	90	0.2248	0.1601
GCGAA	1	41	0.0281	0.0729
GCGAC	2	22	0.0562	0.0391
GAGGG	4	38	0.1124	0.0676
CGATT	2	67	0.0562	0.1192
GAGGC	2	55	0.0562	0.0978
ATGTT	9	94	0.2529	0.1672
AGTTG	4	44	0.1124	0.0783
GCGAT	3	44	0.0843	0.0783
ATGTC	3	46	0.0843	0.0818
GCGAG	1	34	0.0281	0.0605
ATGTA	7	45	0.1967	0.0800
CGATA	3	83	0.0843	0.1476
GATAC	2	28	0.0562	0.0498
AGTTT	2	48	0.0562	0.0854
ATGTG	6	49	0.1686	0.0871
CGATC	1	40	0.0281	0.0711
GATAA	5	112	0.1405	0.1992
GAGGT	1	28	0.0281	0.0498
ATAGT	4	45	0.1124	0.0800
CTTTG	1	63	0.0281	0.1120
CTTTC	2	53	0.0562	0.0943
CTTTA	4	73	0.1124	0.1298
GATAG	2	45	0.0562	0.0800
AGTTC	4	58	0.1124	0.1031
GATAT	5	67	0.1405	0.1192
AGTTA	2	40	0.0562	0.0711
ATAGC	1	29	0.0281	0.0516
ATAGA	3	61	0.0843	0.1085
ATAGG	1	24	0.0281	0.0427
GCGCA	2	48	0.0562	0.0854
GCGCC	3	53	0.0843	0.0943
GCGCG	3	34	0.0843	0.0605
GACAG	4	45	0.1124	0.0800
GACAC	2	39	0.0562	0.0694
GACAA	2	42	0.0562	0.0747
AGGTT	1	56	0.0281	0.0996
GCGCT	5	59	0.1405	0.1049
ATTGT	6	69	0.1686	0.1227
GATCG	2	43	0.0562	0.0765
ATTGG	4	40	0.1124	0.0711
ATAAT	9	119	0.2529	0.2116
GACAT	3	48	0.0843	0.0854
GATCC	1	43	0.0281	0.0765
GATCA	4	89	0.1124	0.1583
ATTGA	5	92	0.1405	0.1636
AGGTG	2	30	0.0562	0.0534
ACATG	4	42	0.1124	0.0747
AGGTC	0	39	0.0000	0.0694
ATTGC	5	110	0.1405	0.1956
ATAAC	4	69	0.1124	0.1227
ACATT	2	47	0.0562	0.0836
GATCT	1	26	0.0281	0.0462
ATAAG	4	55	0.1124	0.0978
ATAAA	4	90	0.1124	0.1601
AGGTA	2	41	0.0562	0.0729
AGAGT	2	29	0.0562	0.0516
ACATC	4	104	0.1124	0.1850
ACATA	1	57	0.0281	0.1014
GACCA	0	32	0.0000	0.0569
CGCTG	6	79	0.1686	0.1405
TTATT	9	109	0.2529	0.1938
GACCG	1	37	0.0281	0.0658
CGCTT	6	74	0.1686	0.1316
GACCC	2	30	0.0562	0.0534
CGCTA	4	41	0.1124	0.0729
GACCT	4	35	0.1124	0.0622
CGCTC	2	39	0.0562	0.0694
ATACT	0	35	0.0000	0.0622
ATCGT	9	107	0.2529	0.1903
ATACG	2	49	0.0562	0.0871
ATCGG	5	58	0.1405	0.1031
ATCGA	6	72	0.1686	0.1280
ATACC	1	31	0.0281	0.0551
ATCGC	1	44	0.0281	0.0783
ATACA	4	83	0.1124	0.1476
GAAAA	7	69	0.1967	0.1227
GCGGG	5	30	0.1405	0.0534
CTAGG	0	16	0.0000	0.0285
ATTCT	3	61	0.0843	0.1085
CTAGT	1	19	0.0281	0.0338
GAAAG	5	74	0.1405	0.1316
CGTTA	3	63	0.0843	0.1120
GCGGA	4	45	0.1124	0.0800
CGTTC	1	61	0.0281	0.1085
GAAAC	2	78	0.0562	0.1387
GCGGC	3	49	0.0843	0.0871
GCTAA	5	51	0.1405	0.0907
GCGGT	2	32	0.0562	0.0569
GATGC	10	97	0.2810	0.1725
GCTAC	3	49	0.0843	0.0871
ACCTT	5	44	0.1405	0.0783
GATGA	6	69	0.1686	0.1227
GCTAG	2	19	0.0562	0.0338
ATCAT	7	114	0.1967	0.2027
ATTCC	6	95	0.1686	0.1689
CTAGC	0	27	0.0000	0.0480
CTAGA	2	31	0.0562	0.0551
GATGG	5	49	0.1405	0.0871
GAAAT	7	96	0.1967	0.1707
ATTCG	2	41	0.0562	0.0729
GATGT	11	83	0.3091	0.1476
CTGTT	6	71	0.1686	0.1263
CGTTT	8	60	0.2248	0.1067
GCTAT	1	17	0.0281	0.0302
ACCTC	2	22	0.0562	0.0391
ATTCA	5	95	0.1405	0.1689
ACCTG	3	41	0.0843	0.0729
ATCAC	5	82	0.1405	0.1458
ATCAA	7	120	0.1967	0.2134
ATCAG	2	119	0.0562	0.2116
CTGTC	4	46	0.1124	0.0818
CGTTG	6	84	0.1686	0.1494
CTGTA	2	39	0.0562	0.0694
AGACT	1	43	0.0281	0.0765
ACCTA	3	22	0.0843	0.0391
CTGTG	3	49	0.0843	0.0871
AGCGT	5	70	0.1405	0.1245
AGAGA	5	71	0.1405	0.1263
GCCAA	3	51	0.0843	0.0907
GAACC	2	26	0.0562	0.0462
AGAGC	6	65	0.1686	0.1156
GACGC	3	49	0.0843	0.0871
GAACA	5	89	0.1405	0.1583
TATAT	3	29	0.0843	0.0516
GACGA	0	39	0.0000	0.0694
GCCAG	3	58	0.0843	0.1031
GAACG	4	56	0.1124	0.0996
AGAGG	1	36	0.0281	0.0640
GACGG	2	32	0.0562	0.0569
GCCAC	2	26	0.0562	0.0462
GCTCC	0	31	0.0000	0.0551
GACGT	8	61	0.2248	0.1085
TATAG	2	25	0.0562	0.0445
GCTCG	1	44	0.0281	0.0783
TCGAT	4	73	0.1124	0.1298
TATAC	0	38	0.0000	0.0676
TATAA	5	32	0.1405	0.0569
TAGGT	0	31	0.0000	0.0551
ATCCT	2	44	0.0562	0.0783
GCCAT	5	53	0.1405	0.0943
GCTCA	2	61	0.0562	0.1085
GAACT	3	39	0.0843	0.0694
GCTCT	4	69	0.1124	0.1227
TCGAG	1	34	0.0281	0.0605
TAGGG	0	17	0.0000	0.0302
TCGAC	5	34	0.1405	0.0605
TCGAA	1	39	0.0281	0.0694
TAGGC	1	37	0.0281	0.0658
TAGGA	3	25	0.0843	0.0445
ATCCC	2	46	0.0562	0.0818
ATCCG	1	39	0.0281	0.0694
ATCCA	1	69	0.0281	0.1227
GCCCC	2	28	0.0562	0.0498
GCCCA	3	46	0.0843	0.0818
CTACG	0	24	0.0000	0.0427
CTCGG	0	23	0.0000	0.0409
CTACC	2	25	0.0562	0.0445
AGAAC	4	51	0.1124	0.0907
CTCGT	1	43	0.0281	0.0765
GCCCG	1	36	0.0281	0.0640
AGAAA	10	133	0.2810	0.2365
TAGAT	3	45	0.0843	0.0800
CTCGC	3	40	0.0843	0.0711
CTACA	2	38	0.0562	0.0676
CTCGA	4	46	0.1124	0.0818
TAGAG	2	36	0.0562	0.0640
GCCCT	2	18	0.0562	0.0320
TAGAC	0	26	0.0000	0.0462
TAGAA	4	59	0.1124	0.1049
AGCCG	1	29	0.0281	0.0516
CTACT	1	38	0.0281	0.0676
AGCCT	3	61	0.0843	0.1085
GCAAC	4	73	0.1124	0.1298
GAAGG	3	70	0.0843	0.1245
GGGAC	0	13	0.0000	0.0231
CCATA	2	33	0.0562	0.0587
ACTTT	2	42	0.0562	0.0747
CTAAG	1	20	0.0281	0.0356
CGGTA	1	36	0.0281	0.0640
GCAAA	6	96	0.1686	0.1707
AGCGA	3	50	0.0843	0.0889
CGGTC	3	24	0.0843	0.0427
GGGAG	1	37	0.0281	0.0658
GAAGC	5	79	0.1405	0.1405
CTAAC	2	37	0.0562	0.0658
GAAGA	6	85	0.1686	0.1512
CTAAA	7	69	0.1967	0.1227
CGGTG	4	32	0.1124	0.0569
CTTGC	1	40	0.0281	0.0711
AGCGG	3	39	0.0843	0.0694
AGACG	1	33	0.0281	0.0587
CTTGA	3	41	0.0843	0.0729
GCAAG	3	37	0.0843	0.0658
AGACA	2	34	0.0562	0.0605
AGCGC	4	56	0.1124	0.0996
GGGAA	5	84	0.1405	0.1494
AGACC	0	18	0.0000	0.0320
ATTAT	11	127	0.3091	0.2259
GCTGG	6	60	0.1686	0.1067
ACTTC	3	49	0.0843	0.0871
AAATT	5	102	0.1405	0.1814
GGGAT	3	45	0.0843	0.0800
GAAGT	4	55	0.1124	0.0978
TAGCT	1	24	0.0281	0.0427
ACTTG	2	19	0.0562	0.0338
ATTAC	6	83	0.1686	0.1476
GCTGA	10	89	0.2810	0.1583
ATTAA	10	138	0.2810	0.2454
ATGGT	5	58	0.1405	0.1031
CCATG	1	55	0.0281	0.0978
GAGTC	1	35	0.0281	0.0622
CGAGT	1	22	0.0281	0.0391
GCTGC	4	81	0.1124	0.1441
ATTAG	1	39	0.0281	0.0694
GAGTA	4	36	0.1124	0.0640
GCAAT	11	89	0.3091	0.1583
CCATC	2	52	0.0562	0.0925
TAGCG	3	41	0.0843	0.0729
AAATC	7	110	0.1967	0.1956
TAGCC	1	26	0.0281	0.0462
AAATG	7	89	0.1967	0.1583
TAGCA	4	61	0.1124	0.1085
CTTGT	2	23	0.0562	0.0409
GAGTG	1	35	0.0281	0.0622
GAGTT	4	38	0.1124	0.0676
ATGGC	4	60	0.1124	0.1067
ACTTA	1	44	0.0281	0.0783
GCTGT	2	53	0.0562	0.0943
CCATT	6	65	0.1686	0.1156
AGTGT	3	22	0.0843	0.0391
ATGGG	3	42	0.0843	0.0747
CGGTT	2	52	0.0562	0.0925
AGAAG	3	90	0.0843	0.1601
CTTGG	1	17	0.0281	0.0302
CTAAT	2	55	0.0562	0.0978
ATGGA	2	42	0.0562	0.0747
AGTGG	1	22	0.0281	0.0391
AGAAT	3	57	0.0843	0.1014
AAATA	7	95	0.1967	0.1689
AGTGA	2	54	0.0562	0.0960
AGTGC	3	61	0.0843	0.1085
GCCGG	5	47	0.1405	0.0836
CTCCG	6	69	0.1686	0.1227
GGGCG	3	29	0.0843	0.0516
GCACC	1	42	0.0281	0.0747
GCCGC	3	43	0.0843	0.0765
GCACA	3	45	0.0843	0.0800
CTCCC	1	47	0.0281	0.0836
AATTT	7	86	0.1967	0.1529
GCCGA	0	26	0.0000	0.0462
CTCCA	1	33	0.0281	0.0587
TCTAT	3	45	0.0843	0.0800
AGCAA	8	85	0.2248	0.1512
TATGT	7	50	0.1967	0.0889
AGCAC	3	59	0.0843	0.1049
GGGCA	2	39	0.0562	0.0694
GGGCC	1	19	0.0281	0.0338
GCACG	2	46	0.0562	0.0818
AATTC	4	92	0.1124	0.1636
GGGCT	2	20	0.0562	0.0356
GCACT	1	38	0.0281	0.0676
AATTA	9	112	0.2529	0.1992
GCCGT	1	28	0.0281	0.0498
AGTAT	3	25	0.0843	0.0445
TCTAG	0	30	0.0000	0.0534
AATTG	4	82	0.1124	0.1458
ACGTT	7	68	0.1967	0.1209
TCTAC	0	38	0.0000	0.0676
TATGG	1	29	0.0281	0.0516
TAAAT	5	106	0.1405	0.1885
TCTAA	2	33	0.0562	0.0587
TCGGT	3	42	0.0843	0.0747
ATGAT	8	120	0.2248	0.2134
TATGC	5	45	0.1405	0.0800
TATGA	6	68	0.1686	0.1209
ATGAG	5	45	0.1405	0.0800
AGTAG	6	32	0.1686	0.0569
ACGTA	2	40	0.0562	0.0711
TAAAG	3	85	0.0843	0.1512
AGTAC	0	28	0.0000	0.0498
CGAGA	0	28	0.0000	0.0498
ACGTC	3	83	0.0843	0.1476
TCGGG	1	50	0.0281	0.0889
TAAAC	5	75	0.1405	0.1334
CGAGC	3	38	0.0843	0.0676
TAAAA	8	95	0.2248	0.1689
ACGTG	2	37	0.0562	0.0658
TCGGC	1	28	0.0281	0.0498
CGAGG	1	31	0.0281	0.0551
ATGAC	3	60	0.0843	0.1067
TCGGA	3	41	0.0843	0.0729
ATGAA	6	113	0.1686	0.2010
CTCCT	3	51	0.0843	0.0907
AGGGG	0	19	0.0000	0.0338
AGTAA	9	104	0.2529	0.1850
AGGGT	1	30	0.0281	0.0534
ACAGT	5	46	0.1405	0.0818
CTCAC	0	26	0.0000	0.0462
CTCAA	4	50	0.1124	0.0889
AGCCC	2	27	0.0562	0.0480
TCTCT	5	64	0.1405	0.1138
AGCCA	3	53	0.0843	0.0943
CTCAG	2	38	0.0562	0.0676
CGACG	2	46	0.0562	0.0818
AACTT	2	32	0.0562	0.0569
TCTCG	3	35	0.0843	0.0622
TCCAT	2	57	0.0562	0.1014
CCCTG	4	42	0.1124	0.0747
TCTCC	3	42	0.0843	0.0747
TAACT	2	20	0.0562	0.0356
TCTCA	1	36	0.0281	0.0640
TACGT	1	39	0.0281	0.0694
CGCGT	2	41	0.0562	0.0729
CCCTC	4	53	0.1124	0.0943
ATGCT	7	75	0.1967	0.1334
CGACT	2	30	0.0562	0.0534
CCCTA	1	14	0.0281	0.0249
AACTC	4	43	0.1124	0.0765
AACTA	2	39	0.0562	0.0694
ATGCG	2	51	0.0562	0.0907
CTTCT	5	59	0.1405	0.1049
AACTG	5	45	0.1405	0.0800
TCCAG	2	50	0.0562	0.0889
AGCAT	3	92	0.0843	0.1636
TAACG	3	56	0.0843	0.0996
AGTCG	1	41	0.0281	0.0729
TACGG	1	38	0.0281	0.0676
ATGCA	7	90	0.1967	0.1601
TCCAC	2	43	0.0562	0.0765
AGTCT	5	42	0.1405	0.0747
TAACC	2	67	0.0562	0.1192
TCCAA	0	36	0.0000	0.0640
TAACA	6	75	0.1686	0.1334
CCCTT	2	29	0.0562	0.0516
TACGC	0	40	0.0000	0.0711
TACGA	3	46	0.0843	0.0818
ATGCC	6	67	0.1686	0.1192
CTTCG	4	53	0.1124	0.0943
CTCAT	1	53	0.0281	0.0943
CTTCC	2	75	0.0562	0.1334
CTTCA	4	107	0.1124	0.1903
AGCAG	6	102	0.1686	0.1814
GCAGA	8	106	0.2248	0.1885
AGTCA	3	51	0.0843	0.0907
AGTCC	1	17	0.0281	0.0302
CTGGG	2	32	0.0562	0.0569
CGTGG	7	61	0.1967	0.1085
CGAAT	2	59	0.0562	0.1049
GCAGG	2	57	0.0562	0.1014
CTGGC	4	48	0.1124	0.0854
TATCT	5	48	0.1405	0.0854
GCAGC	5	82	0.1405	0.1458
CTGGA	4	48	0.1124	0.0854
GGGGA	1	41	0.0281	0.0729
GGGGC	1	21	0.0281	0.0373
CGTGT	3	84	0.0843	0.1494
GGGGG	1	20	0.0281	0.0356
GGTAG	1	33	0.0281	0.0587
GCGTA	4	39	0.1124	0.0694
GCGTC	2	50	0.0562	0.0889
CGAAG	2	51	0.0562	0.0907
GTGAC	3	39	0.0843	0.0694
GTGAA	6	72	0.1686	0.1280
TATCG	8	69	0.2248	0.1227
GCAGT	4	77	0.1124	0.1369
TCGCT	5	51	0.1405	0.0907
GCGTG	9	86	0.2529	0.1529
TACAT	1	56	0.0281	0.0996
CAATG	4	66	0.1124	0.1174
TATCC	1	35	0.0281	0.0622
TATCA	5	62	0.1405	0.1103
CGTGA	6	62	0.1686	0.1103
CAATC	7	77	0.1967	0.1369
GGTAC	2	34	0.0562	0.0605
GGGGT	1	26	0.0281	0.0462
CGTGC	2	48	0.0562	0.0854
CAATA	4	88	0.1124	0.1565
GGTAA	3	49	0.0843	0.0871
GATTA	8	99	0.2248	0.1761
CTTAT	4	58	0.1124	0.1031
TACAG	1	37	0.0281	0.0658
GTGAT	8	70	0.2248	0.1245
GCGTT	4	69	0.1124	0.1227
TCGCG	2	32	0.0562	0.0569
ACACT	0	23	0.0000	0.0409
TACAC	3	42	0.0843	0.0747
AGGCT	4	61	0.1124	0.1085
TCGCC	3	30	0.0843	0.0534
TACAA	5	67	0.1405	0.1192
CCTTG	2	26	0.0562	0.0462
CGCGA	2	26	0.0562	0.0462
TCGCA	3	41	0.0843	0.0729
GATTG	5	89	0.1405	0.1583
CGCGC	1	41	0.0281	0.0729
CGACA	4	22	0.1124	0.0391
CCTTC	3	74	0.0843	0.1316
CGACC	2	42	0.0562	0.0747
CAATT	7	80	0.1967	0.1423
GGTAT	1	31	0.0281	0.0551
CCTTA	2	43	0.0562	0.0765
GATTC	1	58	0.0281	0.1031
CGCGG	4	38	0.1124	0.0676
GTGAG	3	28	0.0843	0.0498
AGGCG	3	49	0.0843	0.0871
ACACG	7	61	0.1967	0.1085
ACCGG	1	39	0.0281	0.0694
CTTAC	0	45	0.0000	0.0800
AGGCC	1	18	0.0281	0.0320
CTTAA	2	63	0.0562	0.1120
CTGGT	5	52	0.1405	0.0925
CCTTT	5	49	0.1405	0.0871
ACCGT	3	50	0.0843	0.0889
GATTT	9	100	0.2529	0.1778
CTTAG	0	18	0.0000	0.0320
GGCAG	4	71	0.1124	0.1263
CGCCT	2	43	0.0562	0.0765
AGGGC	2	31	0.0562	0.0551
ACAGC	2	39	0.0562	0.0694
GGCAA	6	65	0.1686	0.1156
ACAGA	3	73	0.0843	0.1298
ACAGG	2	60	0.0562	0.1067
GGCAC	0	26	0.0000	0.0462
AGGGA	3	57	0.0843	0.1014
GACTA	1	30	0.0281	0.0534
GTGCG	5	47	0.1405	0.0836
GGTCG	2	37	0.0562	0.0658
CGCCG	3	38	0.0843	0.0676
GTGCC	0	36	0.0000	0.0640
GTGCA	2	43	0.0562	0.0765
GGTCA	3	49	0.0843	0.0871
TACCT	4	36	0.1124	0.0640
GACTG	2	51	0.0562	0.0907
GGTCC	2	25	0.0562	0.0445
GGCAT	3	65	0.0843	0.1156
GACTC	1	26	0.0281	0.0462
TACCG	2	53	0.0562	0.0943
GTGCT	3	64	0.0843	0.1138
TACCC	1	26	0.0281	0.0462
TACCA	2	33	0.0562	0.0587
CGAAA	1	32	0.0281	0.0569
GACTT	2	40	0.0562	0.0711
CGAAC	2	47	0.0562	0.0836
GGTCT	1	20	0.0281	0.0356
CGTCC	1	39	0.0281	0.0694
CTGCC	5	73	0.1405	0.1298
CGCAT	1	53	0.0281	0.0943
CTGCA	4	90	0.1124	0.1601
CGTCG	3	47	0.0843	0.0836
GGCCA	2	29	0.0562	0.0516
AAAGA	5	87	0.1405	0.1547
GGCCC	0	13	0.0000	0.0231
ACAAA	8	95	0.2248	0.1689
CTGCG	6	64	0.1686	0.1138
GGCCG	1	20	0.0281	0.0356
AAAGC	5	95	0.1405	0.1689
CGCAC	2	45	0.0562	0.0800
CGCAG	3	73	0.0843	0.1298
CACTG	2	55	0.0562	0.0978
CACTC	0	26	0.0000	0.0462
TCACT	6	52	0.1686	0.0925
CACTA	1	19	0.0281	0.0338
GGCCT	2	28	0.0562	0.0498
TCCGT	2	59	0.0562	0.1049
CGTCA	6	96	0.1686	0.1707
ACCCT	5	36	0.1405	0.0640
TCACG	2	68	0.0562	0.1209
TCCGG	3	48	0.0843	0.0854
CACTT	4	35	0.1124	0.0622
CGCCA	5	48	0.1405	0.0854
TCACC	4	47	0.1124	0.0836
CGCCC	1	38	0.0281	0.0676
TCCGC	1	49	0.0281	0.0871
TCACA	1	62	0.0281	0.1103
CGTCT	2	44	0.0562	0.0783
CTGCT	6	87	0.1686	0.1547
TCCGA	3	41	0.0843	0.0729
ACCCC	0	30	0.0000	0.0534
ACCCG	0	26	0.0000	0.0462
CGTAA	4	58	0.1124	0.1031
CGGGT	3	33	0.0843	0.0587
CTGAA	7	85	0.1967	0.1512
CCAGT	0	29	0.0000	0.0516
CGTAC	2	34	0.0562	0.0605
GGTGA	4	47	0.1124	0.0836
CGTAG	1	23	0.0281	0.0409
GGAAA	5	72	0.1405	0.1280
ACCGA	2	60	0.0562	0.1067
GGAAC	5	42	0.1405	0.0747
AGGCA	3	69	0.0843	0.1227
CTGAG	2	40	0.0562	0.0711
ACACC	1	43	0.0281	0.0765
GGAAG	4	64	0.1124	0.1138
CCAGG	1	35	0.0281	0.0622
ACCGC	5	52	0.1405	0.0925
ACACA	3	39	0.0843	0.0694
CTGAC	7	107	0.1967	0.1903
GAATC	2	55	0.0562	0.0978
CGGGG	2	48	0.0562	0.0854
TGGCA	4	57	0.1124	0.1014
GAATA	5	83	0.1405	0.1476
GTGGG	1	18	0.0281	0.0320
TGGCC	3	25	0.0843	0.0445
CCGTG	3	59	0.0843	0.1049
AAGTT	3	46	0.0843	0.0818
GTGGC	3	43	0.0843	0.0765
TGGCG	5	57	0.1405	0.1014
CCGTC	1	40	0.0281	0.0711
GGTGC	4	44	0.1124	0.0783
GTGGA	3	43	0.0843	0.0765
CCGTA	2	34	0.0562	0.0605
GGAAT	4	86	0.1124	0.1529
GAATG	3	85	0.0843	0.1512
GGTGG	2	33	0.0562	0.0587
GAATT	5	92	0.1405	0.1636
AGGAT	1	42	0.0281	0.0747
ACTGG	2	28	0.0562	0.0498
ACAAT	4	71	0.1124	0.1263
GTTAG	4	50	0.1124	0.0889
GCTTG	1	43	0.0281	0.0765
TGGCT	2	55	0.0562	0.0978
AAGTC	2	37	0.0562	0.0658
GTTAC	1	38	0.0281	0.0676
AAGTA	4	37	0.1124	0.0658
CATTG	4	68	0.1124	0.1209
GTTAA	4	78	0.1124	0.1387
GTGGT	5	38	0.1405	0.0676
CCGTT	3	54	0.0843	0.0960
AAGTG	3	43	0.0843	0.0765
CATTC	6	56	0.1686	0.0996
GGTGT	3	24	0.0843	0.0427
ACTGT	1	46	0.0281	0.0818
CATTA	6	85	0.1686	0.1512
GCTTA	3	56	0.0843	0.0996
CGCAA	3	55	0.0843	0.0978
GCTTC	5	94	0.1405	0.1672
GCTTT	4	74	0.1124	0.1316
CGTAT	3	53	0.0843	0.0943
AGGAG	2	68	0.0562	0.1209
ACAAC	5	77	0.1405	0.1369
AAAGG	3	61	0.0843	0.1085
GGCGA	1	29	0.0281	0.0516
AGGAA	5	69	0.1405	0.1227
GTTAT	6	66	0.1686	0.1174
GGCGC	4	51	0.1124	0.0907
AGGAC	2	41	0.0562	0.0729
ACAAG	1	42	0.0281	0.0747
GGACA	0	24	0.0000	0.0427
CATTT	6	104	0.1686	0.1850
AAAGT	4	37	0.1124	0.0658
ACTGC	5	75	0.1405	0.1334
CTGAT	11	87	0.3091	0.1547
ACTGA	6	75	0.1686	0.1334
GGACC	1	30	0.0281	0.0534
GGCGG	3	42	0.0843	0.0747
GGACG	5	32	0.1405	0.0569
AACGC	5	71	0.1405	0.1263
AAACA	8	116	0.2248	0.2063
AACGA	4	81	0.1124	0.1441
GCCTC	3	63	0.0843	0.1120
GCCTA	3	40	0.0843	0.0711
AATGT	5	49	0.1405	0.0871
GTCAG	10	121	0.2810	0.2152
TGGAA	5	65	0.1405	0.1156
ACTAT	3	30	0.0843	0.0534
GTCAC	4	48	0.1124	0.0854
TGGAC	0	14	0.0000	0.0249
GGCGT	4	50	0.1124	0.0889
GTCAA	1	45	0.0281	0.0800
TCCCT	3	58	0.0843	0.1031
TGGAG	2	32	0.0562	0.0569
GGACT	1	22	0.0281	0.0391
GCCTG	4	77	0.1124	0.1369
GCCTT	0	40	0.0000	0.0711
ACTAA	2	52	0.0562	0.0925
ACGGT	2	39	0.0562	0.0694
AATGC	5	100	0.1405	0.1778
GTTCG	4	43	0.1124	0.0765
TGGAT	4	50	0.1124	0.0889
AATGG	3	64	0.0843	0.1138
AAAAT	8	77	0.2248	0.1369
GTCAT	4	48	0.1124	0.0854
TCCCG	4	65	0.1124	0.1156
ACTAC	0	16	0.0000	0.0285
GTTCC	1	61	0.0281	0.1085
GTTCA	5	59	0.1405	0.1049
TCCCC	2	38	0.0562	0.0676
ACTAG	0	27	0.0000	0.0480
CGGGA	4	57	0.1124	0.1014
TCCCA	0	30	0.0000	0.0534
CGGGC	2	31	0.0562	0.0551
AAAAC	12	101	0.3372	0.1796
CCAGC	4	64	0.1124	0.1138
ACGGC	1	23	0.0281	0.0409
AAAAA	17	31	0.4777	0.0551
CCAGA	5	59	0.1405	0.1049
AAAAG	3	59	0.0843	0.1049
ACGGG	3	52	0.0843	0.0925
GTTCT	5	78	0.1405	0.1387
AATGA	7	123	0.1967	0.2187
TAGTT	3	38	0.0843	0.0676
CGGCT	1	34	0.0281	0.0605
CCACG	1	56	0.0281	0.0996
CCCGG	3	37	0.0843	0.0658
ACCCA	4	52	0.1124	0.0925
TCTGT	7	52	0.1967	0.0925
CCACC	2	32	0.0562	0.0569
CGGCA	4	62	0.1124	0.1103
ACTCT	0	21	0.0000	0.0373
CGGCC	0	28	0.0000	0.0498
TAGTG	2	34	0.0562	0.0605
GTCCG	1	32	0.0281	0.0569
CGGCG	1	37	0.0281	0.0658
TAGTC	3	23	0.0843	0.0409
TAGTA	4	36	0.1124	0.0640
GTCCC	0	18	0.0000	0.0320
TCTGG	5	56	0.1405	0.0996
TCAAT	6	86	0.1686	0.1529
GTCCA	1	19	0.0281	0.0338
CCACT	0	22	0.0000	0.0391
TCTGC	8	98	0.2248	0.1743
CCCGT	3	51	0.0843	0.0907
TAAGT	4	42	0.1124	0.0747
AAACT	5	52	0.1405	0.0925
TCTGA	6	77	0.1686	0.1369
ACTCC	2	55	0.0562	0.0978
AACGT	3	88	0.0843	0.1565
ACTCA	3	29	0.0843	0.0516
ACTCG	1	29	0.0281	0.0516
ACCAT	2	52	0.0562	0.0925
TCAAG	1	43	0.0281	0.0765
GTCCT	4	34	0.1124	0.0605
TAAGG	5	56	0.1405	0.0996
TCAAC	3	81	0.0843	0.1441
TCAAA	8	92	0.2248	0.1636
TAAGC	1	41	0.0281	0.0729
TAAGA	2	25	0.0562	0.0445
ACCAC	1	45	0.0281	0.0800
AACGG	3	54	0.0843	0.0960
GGAGA	1	53	0.0281	0.0943
ACCAA	1	66	0.0281	0.1174
AAACC	6	83	0.1686	0.1476
GGAGC	2	41	0.0562	0.0729
ACCAG	2	45	0.0562	0.0800
AAACG	4	94	0.1124	0.1672
CCTGA	5	80	0.1405	0.1423
CGGAT	2	25	0.0562	0.0445
GGAGT	4	49	0.1124	0.0871
GGAGG	3	62	0.0843	0.1103
CCAAG	0	24	0.0000	0.0427
CCAAC	3	54	0.0843	0.0960
CAAGG	1	32	0.0281	0.0569
TGAAA	5	80	0.1405	0.1423
CCAAA	2	61	0.0562	0.1085
TGAAC	3	70	0.0843	0.1245
CGGAA	3	46	0.0843	0.0818
CAGTG	3	48	0.0843	0.0854
GGGTG	1	32	0.0281	0.0569
GCATC	3	118	0.0843	0.2099
TGAAG	9	84	0.2529	0.1494
CGGAC	5	40	0.1405	0.0711
GTAAG	4	44	0.1124	0.0783
GCATA	2	46	0.0562	0.0818
CAGTC	4	56	0.1124	0.0996
AATCT	6	77	0.1686	0.1369
CGGAG	5	68	0.1405	0.1209
CAGTA	6	80	0.1686	0.1423
GTAAC	2	38	0.0562	0.0676
TGTGA	8	47	0.2248	0.0836
GTAAA	6	106	0.1686	0.1885
CCTGG	2	36	0.0562	0.0640
CCAAT	1	65	0.0281	0.1156
TGTGC	1	37	0.0281	0.0658
GGGTA	1	26	0.0281	0.0462
CAAGT	0	29	0.0000	0.0516
GGGTC	1	38	0.0281	0.0676
CCTGC	4	60	0.1124	0.1067
GCATG	2	62	0.0562	0.1103
TGTGG	2	26	0.0562	0.0462
AATCA	8	143	0.2248	0.2543
TGAAT	6	113	0.1686	0.2010
TTGGG	1	33	0.0281	0.0587
GCATT	6	96	0.1686	0.1707
AACAT	5	83	0.1405	0.1476
ACGCT	4	68	0.1124	0.1209
TTGGC	3	44	0.0843	0.0783
AATCC	3	67	0.0843	0.1192
CAGTT	2	68	0.0562	0.1209
TTGGA	2	28	0.0562	0.0498
GTTGG	3	62	0.0843	0.1103
GTAAT	9	97	0.2529	0.1725
AATCG	5	66	0.1405	0.1174
GTTGC	8	89	0.2248	0.1583
GTTGA	6	69	0.1686	0.1227
GGGTT	4	49	0.1124	0.0871
CCTGT	5	54	0.1405	0.0960
TGTGT	4	43	0.1124	0.0765
ACGCA	3	91	0.0843	0.1618
CCACA	2	28	0.0562	0.0498
CCCGC	0	42	0.0000	0.0747
AACAA	10	132	0.2810	0.2348
TTTAC	8	102	0.2248	0.1814
CCCGA	2	42	0.0562	0.0747
TTGGT	7	61	0.1967	0.1085
TTTAA	6	77	0.1686	0.1369
ACGCC	2	42	0.0562	0.0747
AACAC	4	68	0.1124	0.1209
ACGCG	3	37	0.0843	0.0658
GTTGT	6	66	0.1686	0.1174
AACAG	3	86	0.0843	0.1529
TTTAG	5	70	0.1405	0.1245
TCTTG	2	33	0.0562	0.0587
CCCCG	3	45	0.0843	0.0800
TAATT	7	98	0.1967	0.1743
TCTTC	4	77	0.1124	0.1369
CCCCC	2	17	0.0562	0.0302
ACGGA	2	51	0.0562	0.0907
TCTTA	0	41	0.0000	0.0729
CCCCA	0	24	0.0000	0.0427
TGCCA	3	58	0.0843	0.1031
TGCCC	5	50	0.1405	0.0889
TGCCG	4	57	0.1124	0.1014
GTACG	0	33	0.0000	0.0587
TAATG	6	96	0.1686	0.1707
GTCGG	2	49	0.0562	0.0871
GTACC	2	34	0.0562	0.0605
CCCCT	1	27	0.0281	0.0480
GTACA	1	17	0.0281	0.0302
TAATC	6	111	0.1686	0.1974
GTCGC	2	27	0.0562	0.0480
TAATA	10	107	0.2810	0.1903
GTCGA	0	38	0.0000	0.0676
TGCCT	3	88	0.0843	0.1565
AACCT	5	40	0.1405	0.0711
GTACT	1	33	0.0281	0.0587
GTCGT	3	42	0.0843	0.0747
CAAGC	2	37	0.0562	0.0658
AACCC	4	56	0.1124	0.0996
CAAGA	2	48	0.0562	0.0854
AACCA	1	83	0.0281	0.1476
AACCG	5	57	0.1405	0.1014
TATTG	7	72	0.1967	0.1280
CCCAG	3	34	0.0843	0.0605
TCGTT	4	77	0.1124	0.1369
TATTC	5	86	0.1405	0.1529
CAACG	4	88	0.1124	0.1565
TATTA	5	90	0.1405	0.1601
CCCAC	0	24	0.0000	0.0427
CACGG	2	41	0.0562	0.0729
CCCAA	2	51	0.0562	0.0907
CAACC	5	60	0.1405	0.1067
CACGC	4	78	0.1124	0.1387
CAACA	3	89	0.0843	0.1583
TGCAA	7	90	0.1967	0.1601
TGCAC	2	41	0.0562	0.0729
TCGTG	4	73	0.1124	0.1298
CCTCG	3	43	0.0843	0.0765
TGCAG	6	76	0.1686	0.1352
TCGTC	6	53	0.1686	0.0943
CCCAT	2	43	0.0562	0.0765
CAACT	3	48	0.0843	0.0854
TCGTA	2	55	0.0562	0.0978
CCTCC	6	72	0.1686	0.1280
CACGT	2	40	0.0562	0.0711
CCTCA	1	41	0.0281	0.0729
TGTCA	7	66	0.1967	0.1174
TGTCC	2	21	0.0562	0.0373
TCAGT	6	100	0.1686	0.1778
TTGCC	4	77	0.1124	0.1369
TGCAT	6	112	0.1686	0.1992
TTGCA	8	96	0.2248	0.1707
TGTCG	1	31	0.0281	0.0551
CCTCT	0	27	0.0000	0.0480
TCAGG	4	75	0.1124	0.1334
TTGCG	4	39	0.1124	0.0694
TCAGC	1	91	0.0281	0.1618
TGTCT	2	31	0.0562	0.0551
TCAGA	6	87	0.1686	0.1547
TTGCT	4	102	0.1124	0.1814
GTAGA	4	39	0.1124	0.0694
CAAAG	6	63	0.1686	0.1120
CCGGG	2	37	0.0562	0.0658
TACTT	0	47	0.0000	0.0836
CAAAC	4	91	0.1124	0.1618
CCGGC	1	61	0.0281	0.1085
CAAAA	8	73	0.2248	0.1298
CCGGA	6	42	0.1686	0.0747
TGGGA	1	24	0.0281	0.0427
TGGGC	3	24	0.0843	0.0427
TGGGG	1	21	0.0281	0.0373
CCTAG	1	17	0.0281	0.0302
AATAT	11	119	0.3091	0.2116
TACTG	5	73	0.1405	0.1298
CATGG	5	60	0.1405	0.1067
CAAAT	6	117	0.1686	0.2081
CCTAC	2	22	0.0562	0.0391
CCTAA	3	45	0.0843	0.0800
CCGGT	3	31	0.0843	0.0551
TACTC	1	39	0.0281	0.0694
GTAGG	1	23	0.0281	0.0409
CATGC	2	41	0.0562	0.0729
TACTA	1	37	0.0281	0.0658
CATGA	3	78	0.0843	0.1387
GTAGC	4	44	0.1124	0.0783
TGTAA	5	74	0.1405	0.1316
TGGGT	2	56	0.0562	0.0996
TTGAA	4	77	0.1124	0.1369
TGTAC	0	20	0.0000	0.0356
GTGTG	0	20	0.0000	0.0356
AATAC	4	79	0.1124	0.1405
TGTAG	4	43	0.1124	0.0765
AATAA	7	121	0.1967	0.2152
AAGGT	3	50	0.0843	0.0889
GTGTC	3	24	0.0843	0.0427
CCTAT	2	24	0.0562	0.0427
AATAG	4	55	0.1124	0.0978
GTGTA	3	56	0.0843	0.0996
GGTTC	2	40	0.0562	0.0711
ACGAT	5	106	0.1405	0.1885
GGTTA	4	43	0.1124	0.0765
TTGAG	3	63	0.0843	0.1120
GGTTG	5	63	0.1405	0.1120
CATGT	2	52	0.0562	0.0925
GTAGT	3	25	0.0843	0.0445
TTGAC	3	54	0.0843	0.0960
CACGA	4	72	0.1124	0.1280
AAGGC	4	46	0.1124	0.0818
AAGGA	5	88	0.1405	0.1565
ACGAC	0	37	0.0000	0.0658
TGTAT	8	72	0.2248	0.1280
GTGTT	7	73	0.1967	0.1298
AAGGG	0	35	0.0000	0.0622
ACGAA	4	67	0.1124	0.1192
ACGAG	2	28	0.0562	0.0498
TATTT	8	100	0.2248	0.1778
TTGAT	9	110	0.2529	0.1956
GGTTT	5	91	0.1405	0.1618
TTTGT	8	107	0.2248	0.1903
CACCG	3	54	0.0843	0.0960
CACCC	2	32	0.0562	0.0569
CACCA	3	60	0.0843	0.1067
TCATT	8	106	0.2248	0.1885
CACCT	0	18	0.0000	0.0320
TTCGC	7	42	0.1967	0.0747
TTACA	3	64	0.0843	0.1138
GGCTA	2	25	0.0562	0.0445
TCATG	5	71	0.1405	0.1263
TTCGA	1	24	0.0281	0.0427
GGCTC	0	21	0.0000	0.0373
TCATC	2	75	0.0562	0.1334
GGCTG	5	72	0.1405	0.1280
TCATA	4	62	0.1124	0.1103
TTACG	3	57	0.0843	0.1014
TTCGG	1	31	0.0281	0.0551
TTACC	4	58	0.1124	0.1031
AAGAT	6	82	0.1686	0.1458
GGCTT	2	52	0.0562	0.0925
TTACT	5	90	0.1405	0.1601
AAGAA	5	98	0.1405	0.1743
TTCGT	3	65	0.0843	0.1156
AAGAC	2	19	0.0562	0.0338
AAGAG	2	46	0.0562	0.0818
CCGCG	1	43	0.0281	0.0765
CACAG	4	50	0.1124	0.0889
CCGCC	3	42	0.0843	0.0747
TGAGA	3	37	0.0843	0.0658
CACAC	2	17	0.0562	0.0302
CCGCA	1	46	0.0281	0.0818
TGAGC	5	59	0.1405	0.1049
CACAA	1	44	0.0281	0.0783
TGAGG	2	36	0.0562	0.0640
CATCG	6	103	0.1686	0.1832
CACAT	2	62	0.0562	0.1103
CCGCT	4	55	0.1124	0.0978
CATCC	1	53	0.0281	0.0943
CATCA	4	141	0.1124	0.2508
TGAGT	3	44	0.0843	0.0783
TGGTA	3	44	0.0843	0.0783
TTAAG	4	45	0.1124	0.0800
TGGTC	4	30	0.1124	0.0534
TTAAC	5	74	0.1405	0.1316
TGGTG	6	54	0.1686	0.0960
TTAAA	4	96	0.1124	0.1707
TTTGA	5	102	0.1405	0.1814
CATCT	0	52	0.0000	0.0925
AAGCT	2	51	0.0562	0.0907
TTAAT	9	141	0.2529	0.2508
TTTGG	5	46	0.1405	0.0818
TGGTT	9	80	0.2529	0.1423
AAGCC	3	58	0.0843	0.1031
TTTGC	6	75	0.1686	0.1334
AAGCA	5	87	0.1405	0.1547
AAGCG	3	56	0.0843	0.0996
TTTCT	10	114	0.2810	0.2027
CCGAG	1	23	0.0281	0.0409
CCGAC	3	47	0.0843	0.0836
GGATA	2	35	0.0562	0.0622
CAGGG	2	47	0.0562	0.0836
CCGAA	1	42	0.0281	0.0747
TCCTT	5	79	0.1405	0.1405
CAGGC	4	59	0.1124	0.1049
CAGGA	2	64	0.0562	0.1138
CATAG	1	34	0.0281	0.0605
CCGAT	2	57	0.0562	0.1014
CATAC	1	53	0.0281	0.0943
TCCTG	5	70	0.1405	0.1245
CATAA	4	68	0.1124	0.1209
CAGGT	1	57	0.0281	0.1014
GGATC	1	44	0.0281	0.0783
TCCTC	1	46	0.0281	0.0818
GGATG	3	27	0.0843	0.0480
TCCTA	1	32	0.0281	0.0569
TTCCG	1	57	0.0281	0.1014
TTCCC	6	80	0.1686	0.1423
TTCCA	3	65	0.0843	0.1156
CATAT	3	43	0.0843	0.0765
GGATT	4	56	0.1124	0.0996
TTCCT	3	98	0.0843	0.1743
GTTTG	6	85	0.1686	0.1512
GTTTC	5	54	0.1405	0.0960
TCTTT	5	75	0.1405	0.1334
GTTTA	3	83	0.0843	0.1476
TTTAT	6	71	0.1686	0.1263
GTTTT	10	79	0.2810	0.1405
TGCGA	1	36	0.0281	0.0640
TGACA	5	94	0.1405	0.1672
TGCGC	4	46	0.1124	0.0818
TGACC	4	44	0.1124	0.0783
TGCGG	4	37	0.1124	0.0658
TGACG	5	70	0.1405	0.1245
TGCGT	8	83	0.2248	0.1476
TGACT	2	52	0.0562	0.0925
TTCAC	4	73	0.1124	0.1298
TTCAA	6	87	0.1686	0.1547
GTCTG	7	48	0.1967	0.0854
GTCTC	2	29	0.0562	0.0516
GTCTA	1	28	0.0281	0.0498
TTCAG	3	75	0.0843	0.1334
TTCAT	7	99	0.1967	0.1761
TTTCC	4	69	0.1124	0.1227
TTTCA	6	73	0.1686	0.1298
GTCTT	0	32	0.0000	0.0569
TTTCG	2	25	0.0562	0.0445
CAGCG	5	65	0.1405	0.1156
CAGCC	3	63	0.0843	0.1120
CAGCA	2	96	0.0562	0.1707
CAGCT	2	52	0.0562	0.0925
TGTTT	9	102	0.2529	0.1814
TTGTT	9	127	0.2529	0.2259
CAGAG	6	62	0.1686	0.1103
CAGAC	1	50	0.0281	0.0889
CAGAA	8	114	0.2248	0.2027
CAGAT	7	99	0.1967	0.1761
TGCTA	4	48	0.1124	0.0854
TGCTC	5	116	0.1405	0.2063
TGCTG	8	75	0.2248	0.1334
GTATG	4	44	0.1124	0.0783
GTATC	0	28	0.0000	0.0498
GTATA	5	36	0.1405	0.0640
TGCTT	3	89	0.0843	0.1583
GTATT	6	74	0.1686	0.1316
TTAGC	4	52	0.1124	0.0925
TTAGA	0	35	0.0000	0.0622
TTAGG	2	48	0.0562	0.0854
TTAGT	4	42	0.1124	0.0747
TGTTA	6	86	0.1686	0.1529
TTGTC	2	33	0.0562	0.0587
TGTTC	8	81	0.2248	0.1441
TTGTA	5	70	0.1405	0.1245
TGTTG	8	95	0.2248	0.1689
TTGTG	6	35	0.1686	0.0622
ATATT	8	121	0.2248	0.2152
ATATG	5	55	0.1405	0.0978
ATATA	3	24	0.0843	0.0427
ATATC	6	58	0.1686	0.1031
ATTTC	6	96	0.1686	0.1707
ATTTG	8	105	0.2248	0.1867
ATTTA	9	94	0.2529	0.1672
TTATA	1	48	0.0281	0.0854
AGATT	6	95	0.1686	0.1689
TTATG	6	72	0.1686	0.1280
TTATC	11	93	0.3091	0.1654
AGATG	7	67	0.1967	0.1192
AGATA	3	65	0.0843	0.1156
AGATC	1	38	0.0281	0.0676
TTCTT	6	83	0.1686	0.1476
ATCTT	3	68	0.0843	0.1209
ATCTG	7	67	0.1967	0.1192
ATCTC	2	33	0.0562	0.0587
ATCTA	0	35	0.0000	0.0622
ATTTT	7	95	0.1967	0.1689
TTTTG	9	77	0.2529	0.1369
TTTTC	8	78	0.2248	0.1387
TTTTA	9	70	0.2529	0.1245
GAGAC	1	33	0.0281	0.0587
CTATC	2	35	0.0562	0.0622
GAGAA	3	60	0.0843	0.1067
CTATA	1	16	0.0281	0.0285
TTTTT	27	22	0.7586	0.0391
GAGAG	4	57	0.1124	0.1014
AGCTG	3	57	0.0843	0.1014
GAGAT	1	39	0.0281	0.0694
CTATT	2	44	0.0562	0.0783
AGCTT	2	52	0.0562	0.0925
TTCTG	8	107	0.2248	0.1903
TTCTC	5	64	0.1405	0.1138
CTATG	4	21	0.1124	0.0373
TTCTA	4	58	0.1124	0.1031
AGCTC	0	29	0.0000	0.0516
AGCTA	1	22	0.0281	0.0391
GAGCC	2	23	0.0562	0.0409
GAGCA	9	94	0.2529	0.1672
GAGCG	4	53	0.1124	0.0943
GAGCT	1	33	0.0281	0.0587
TGATA	6	69	0.1686	0.1227
TGATC	5	76	0.1405	0.1352
TGATG	14	114	0.3934	0.2027
TGATT	11	128	0.3091	0.2276
