Kmer	RefCount	ReadCount	RefPc	ReadPc
gggat	1916	0	0.0581	0.0000
gctgg	4123	0	0.1250	0.0000
tcgga	1383	0	0.0419	0.0000
taaaa	5139	0	0.1558	0.0000
tcggc	3126	0	0.0948	0.0000
taaac	4125	0	0.1251	0.0000
gctga	4722	0	0.1432	0.0000
tcggg	1338	0	0.0406	0.0000
taaag	4456	0	0.1351	0.0000
gaagt	3687	0	0.1118	0.0000
gctgc	4489	0	0.1361	0.0000
gggac	736	0	0.0223	0.0000
gggag	1059	0	0.0321	0.0000
gaaga	5138	0	0.1558	0.0000
gaagc	4385	0	0.1329	0.0000
gggaa	1894	0	0.0574	0.0000
gaagg	2890	0	0.0876	0.0000
GAGGA	0	654	0.0000	0.0758
tctat	2158	0	0.0654	0.0000
GAGGG	0	346	0.0000	0.0401
GAGGC	0	662	0.0000	0.0768
gctct	3787	0	0.1148	0.0000
tctaa	2490	0	0.0755	0.0000
tcggt	3261	0	0.0989	0.0000
AGTTG	0	727	0.0000	0.0843
tctac	2135	0	0.0647	0.0000
taaat	3573	0	0.1083	0.0000
tctag	1760	0	0.0534	0.0000
GATAC	0	861	0.0000	0.0999
AGTTT	0	849	0.0000	0.0985
GATAA	0	1279	0.0000	0.1483
GAGGT	0	469	0.0000	0.0544
ATAGT	0	473	0.0000	0.0549
gccct	1671	0	0.0507	0.0000
taaca	2624	0	0.0795	0.0000
taacc	2938	0	0.0891	0.0000
tccaa	3642	0	0.1104	0.0000
tccac	2676	0	0.0811	0.0000
GATAG	0	640	0.0000	0.0742
taacg	3411	0	0.1034	0.0000
AGTTC	0	819	0.0000	0.0950
GATAT	0	1012	0.0000	0.1174
tccag	2468	0	0.0748	0.0000
AGTTA	0	675	0.0000	0.0783
ATAGC	0	580	0.0000	0.0673
gcccg	1433	0	0.0434	0.0000
ATAGA	0	565	0.0000	0.0655
ATAGG	0	358	0.0000	0.0415
gccca	2845	0	0.0862	0.0000
gcccc	1382	0	0.0419	0.0000
GACAG	0	666	0.0000	0.0772
GACAC	0	433	0.0000	0.0502
atctg	3113	0	0.0944	0.0000
GACAA	0	747	0.0000	0.0866
gctat	2431	0	0.0737	0.0000
AGGTT	0	701	0.0000	0.0813
GATCG	0	1112	0.0000	0.1290
tcgat	4910	0	0.1489	0.0000
ATAAT	0	999	0.0000	0.1159
GACAT	0	594	0.0000	0.0689
atctt	4546	0	0.1378	0.0000
GATCC	0	705	0.0000	0.0818
GATCA	0	924	0.0000	0.1072
gaact	3057	0	0.0927	0.0000
AGGTG	0	647	0.0000	0.0750
gctcc	1457	0	0.0442	0.0000
gccat	5200	0	0.1576	0.0000
AGGTC	0	492	0.0000	0.0571
gctcg	3136	0	0.0951	0.0000
tcgca	3185	0	0.0966	0.0000
tcgcc	4132	0	0.1253	0.0000
ATAAC	0	836	0.0000	0.0970
gctca	4816	0	0.1460	0.0000
GATCT	0	685	0.0000	0.0794
tcgcg	3377	0	0.1024	0.0000
ATAAG	0	671	0.0000	0.0778
gccac	4222	0	0.1280	0.0000
gaacg	2425	0	0.0735	0.0000
gccag	3889	0	0.1179	0.0000
ATAAA	0	1278	0.0000	0.1482
AGGTA	0	681	0.0000	0.0790
gaaca	3842	0	0.1165	0.0000
gccaa	7314	0	0.2217	0.0000
gaacc	2440	0	0.0740	0.0000
GACCA	0	770	0.0000	0.0893
CGCTG	0	1785	0.0000	0.2070
TTATT	0	1193	0.0000	0.1384
GACCG	0	860	0.0000	0.0997
CGCTT	0	1225	0.0000	0.1421
GACCC	0	427	0.0000	0.0495
tcgct	4279	0	0.1297	0.0000
CGCTA	0	562	0.0000	0.0652
GACCT	0	468	0.0000	0.0543
CGCTC	0	827	0.0000	0.0959
gctac	2146	0	0.0651	0.0000
gctaa	3115	0	0.0944	0.0000
gcggt	3675	0	0.1114	0.0000
gaaat	4715	0	0.1429	0.0000
gctag	1643	0	0.0498	0.0000
ATACT	0	484	0.0000	0.0561
ATACG	0	771	0.0000	0.0894
gaaac	4037	0	0.1224	0.0000
gcggg	1724	0	0.0523	0.0000
gaaag	4369	0	0.1325	0.0000
ATACC	0	842	0.0000	0.0977
ATACA	0	594	0.0000	0.0689
gcggc	3697	0	0.1121	0.0000
gaaaa	6733	0	0.2041	0.0000
gcgga	2348	0	0.0712	0.0000
tctgt	2478	0	0.0751	0.0000
CTAGG	0	216	0.0000	0.0251
CTAGT	0	228	0.0000	0.0264
CGTTA	0	1136	0.0000	0.1317
CGTTC	0	1071	0.0000	0.1242
tctgc	3792	0	0.1150	0.0000
taagt	2552	0	0.0774	0.0000
GATGC	0	1285	0.0000	0.1490
ACCTT	0	660	0.0000	0.0765
GATGA	0	1269	0.0000	0.1472
tctgg	3126	0	0.0948	0.0000
tggat	4115	0	0.1248	0.0000
CTAGC	0	365	0.0000	0.0423
CTAGA	0	290	0.0000	0.0336
GATGG	0	1091	0.0000	0.1265
GATGT	0	822	0.0000	0.0953
tggca	5648	0	0.1712	0.0000
tccgc	2329	0	0.0706	0.0000
CGTTT	0	1189	0.0000	0.1379
ACCTC	0	342	0.0000	0.0397
tccgg	1170	0	0.0355	0.0000
tggcc	3639	0	0.1103	0.0000
ACCTG	0	851	0.0000	0.0987
agatg	3606	0	0.1093	0.0000
tggcg	6044	0	0.1832	0.0000
agatc	3357	0	0.1018	0.0000
agata	2868	0	0.0869	0.0000
CGTTG	0	1364	0.0000	0.1582
agatt	3352	0	0.1016	0.0000
ACCTA	0	333	0.0000	0.0386
tccga	1385	0	0.0420	0.0000
AGCGT	0	1263	0.0000	0.1465
GACGC	0	1015	0.0000	0.1177
attta	3524	0	0.1068	0.0000
GACGA	0	771	0.0000	0.0894
TATAT	0	274	0.0000	0.0318
GACGG	0	816	0.0000	0.0946
tccgt	1703	0	0.0516	0.0000
GACGT	0	673	0.0000	0.0781
TATAG	0	267	0.0000	0.0310
tggct	5080	0	0.1540	0.0000
TATAC	0	352	0.0000	0.0408
atttg	5394	0	0.1635	0.0000
TATAA	0	496	0.0000	0.0575
TAGGT	0	326	0.0000	0.0378
atttc	4825	0	0.1463	0.0000
TAGGG	0	262	0.0000	0.0304
gcgct	4394	0	0.1332	0.0000
TAGGC	0	369	0.0000	0.0428
TAGGA	0	354	0.0000	0.0411
atttt	6936	0	0.2103	0.0000
atcta	1922	0	0.0583	0.0000
gcgcc	3168	0	0.0960	0.0000
atctc	3189	0	0.0967	0.0000
gcgca	4128	0	0.1251	0.0000
gcgcg	3075	0	0.0932	0.0000
CTACG	0	536	0.0000	0.0622
tctct	3469	0	0.1052	0.0000
CTACC	0	474	0.0000	0.0550
atgtg	2734	0	0.0829	0.0000
atgta	2147	0	0.0651	0.0000
atgtc	2779	0	0.0842	0.0000
tctca	3047	0	0.0924	0.0000
TAGAT	0	564	0.0000	0.0654
tctcc	1792	0	0.0543	0.0000
taact	2695	0	0.0817	0.0000
tccat	3088	0	0.0936	0.0000
tctcg	2465	0	0.0747	0.0000
atgtt	3895	0	0.1181	0.0000
CTACA	0	376	0.0000	0.0436
TAGAG	0	420	0.0000	0.0487
TAGAC	0	329	0.0000	0.0382
tccca	1848	0	0.0560	0.0000
gcgat	5491	0	0.1665	0.0000
TAGAA	0	603	0.0000	0.0699
tcccc	1234	0	0.0374	0.0000
ctctc	2246	0	0.0681	0.0000
tcccg	1006	0	0.0305	0.0000
gcgag	2817	0	0.0854	0.0000
ctctg	2935	0	0.0890	0.0000
gcgaa	3951	0	0.1198	0.0000
AGCCG	0	1106	0.0000	0.1283
CTACT	0	328	0.0000	0.0380
gcgac	2902	0	0.0880	0.0000
ctctt	4527	0	0.1372	0.0000
AGCCT	0	686	0.0000	0.0796
GCAAC	0	1234	0.0000	0.1431
ACTTT	0	609	0.0000	0.0706
CTAAG	0	363	0.0000	0.0421
CGGTA	0	1069	0.0000	0.1240
GCAAA	0	1431	0.0000	0.1660
AGCGA	0	1035	0.0000	0.1200
CGGTC	0	731	0.0000	0.0848
CTAAC	0	429	0.0000	0.0498
CTAAA	0	548	0.0000	0.0636
CGGTG	0	960	0.0000	0.1113
AGCGG	0	1100	0.0000	0.1276
GCAAG	0	747	0.0000	0.0866
AGCGC	0	1263	0.0000	0.1465
ACTTC	0	678	0.0000	0.0786
AAATT	0	1116	0.0000	0.1294
tccct	1465	0	0.0444	0.0000
TAGCT	0	456	0.0000	0.0529
ACTTG	0	418	0.0000	0.0485
GAGTC	0	599	0.0000	0.0695
GAGTA	0	534	0.0000	0.0619
GCAAT	0	1189	0.0000	0.1379
taagc	3450	0	0.1046	0.0000
TAGCG	0	678	0.0000	0.0786
AAATC	0	1373	0.0000	0.1592
taagg	2080	0	0.0631	0.0000
TAGCC	0	550	0.0000	0.0638
tggac	1718	0	0.0521	0.0000
AAATG	0	1209	0.0000	0.1402
TAGCA	0	556	0.0000	0.0645
tggaa	4077	0	0.1236	0.0000
GAGTG	0	537	0.0000	0.0623
tggag	1991	0	0.0604	0.0000
GAGTT	0	582	0.0000	0.0675
ACTTA	0	475	0.0000	0.0551
tctga	2901	0	0.0879	0.0000
AGTGT	0	351	0.0000	0.0407
CGGTT	0	1141	0.0000	0.1323
CTAAT	0	471	0.0000	0.0546
AGTGG	0	644	0.0000	0.0747
AAATA	0	914	0.0000	0.1060
AGTGA	0	812	0.0000	0.0942
taaga	2285	0	0.0693	0.0000
AGTGC	0	666	0.0000	0.0772
cccca	1927	0	0.0584	0.0000
ccccc	851	0	0.0258	0.0000
GCACC	0	960	0.0000	0.1113
GCACA	0	744	0.0000	0.0863
ccccg	831	0	0.0252	0.0000
AGCAA	0	1153	0.0000	0.1337
TATGT	0	497	0.0000	0.0576
AGCAC	0	900	0.0000	0.1044
GCACG	0	913	0.0000	0.1059
GCACT	0	723	0.0000	0.0839
AGTAT	0	539	0.0000	0.0625
cccct	1220	0	0.0370	0.0000
ACGTT	0	1037	0.0000	0.1203
TATGG	0	594	0.0000	0.0689
TATGC	0	714	0.0000	0.0828
gcctt	4039	0	0.1224	0.0000
TATGA	0	712	0.0000	0.0826
acgcc	3429	0	0.1040	0.0000
AGTAG	0	456	0.0000	0.0529
ACGTA	0	689	0.0000	0.0799
cctct	1973	0	0.0598	0.0000
AGTAC	0	659	0.0000	0.0764
acgca	3607	0	0.1093	0.0000
ACGTC	0	697	0.0000	0.0808
ACGTG	0	630	0.0000	0.0731
acgcg	2965	0	0.0899	0.0000
acgct	3918	0	0.1188	0.0000
AGGGG	0	409	0.0000	0.0474
AGTAA	0	812	0.0000	0.0942
AGGGT	0	515	0.0000	0.0597
cggaa	2336	0	0.0708	0.0000
gcttt	6662	0	0.2020	0.0000
caagg	3519	0	0.1067	0.0000
ggcgc	3123	0	0.0947	0.0000
ggcga	4250	0	0.1288	0.0000
cggac	980	0	0.0297	0.0000
AGCCC	0	690	0.0000	0.0800
cggag	1175	0	0.0356	0.0000
AGCCA	0	1089	0.0000	0.1263
cctga	2564	0	0.0777	0.0000
caagt	3799	0	0.1152	0.0000
cctgc	2551	0	0.0773	0.0000
gcttg	5535	0	0.1678	0.0000
cctgg	1058	0	0.0321	0.0000
cggat	2188	0	0.0663	0.0000
CCCTG	0	647	0.0000	0.0750
ggtgt	3338	0	0.1012	0.0000
gcttc	4603	0	0.1395	0.0000
TACGT	0	676	0.0000	0.0784
CGCGT	0	1112	0.0000	0.1290
CCCTC	0	474	0.0000	0.0550
gaatt	3217	0	0.0975	0.0000
gctta	3296	0	0.0999	0.0000
CCCTA	0	211	0.0000	0.0245
gcctg	2384	0	0.0723	0.0000
AGCAT	0	1184	0.0000	0.1373
AGTCG	0	633	0.0000	0.0734
TACGG	0	691	0.0000	0.0801
AGTCT	0	426	0.0000	0.0494
ggcgt	3238	0	0.0982	0.0000
TACGC	0	1031	0.0000	0.1196
CCCTT	0	535	0.0000	0.0620
gccta	1831	0	0.0555	0.0000
TACGA	0	655	0.0000	0.0760
gcctc	1689	0	0.0512	0.0000
AGCAG	0	1391	0.0000	0.1613
ggcgg	2892	0	0.0877	0.0000
GCAGA	0	1057	0.0000	0.1226
AGTCA	0	772	0.0000	0.0895
AGTCC	0	360	0.0000	0.0418
caaga	4746	0	0.1439	0.0000
caagc	5528	0	0.1676	0.0000
ccgga	1196	0	0.0363	0.0000
CGTGG	0	943	0.0000	0.1094
ccggc	1161	0	0.0352	0.0000
GCAGG	0	1386	0.0000	0.1607
caaaa	8019	0	0.2431	0.0000
caaac	6488	0	0.1967	0.0000
ccggg	717	0	0.0217	0.0000
TATCT	0	701	0.0000	0.0813
GCAGC	0	1778	0.0000	0.2062
caaag	6147	0	0.1864	0.0000
CGTGT	0	592	0.0000	0.0687
GTGAC	0	700	0.0000	0.0812
cctaa	2038	0	0.0618	0.0000
ccggt	1490	0	0.0452	0.0000
GTGAA	0	1160	0.0000	0.1345
TATCG	0	1043	0.0000	0.1210
GCAGT	0	1042	0.0000	0.1208
caaat	5162	0	0.1565	0.0000
cctac	1288	0	0.0390	0.0000
TACAT	0	557	0.0000	0.0646
CAATG	0	1037	0.0000	0.1203
TATCC	0	770	0.0000	0.0893
cctag	1451	0	0.0440	0.0000
TATCA	0	972	0.0000	0.1127
CGTGA	0	1178	0.0000	0.1366
CAATC	0	1027	0.0000	0.1191
CGTGC	0	1050	0.0000	0.1218
CAATA	0	884	0.0000	0.1025
GATTA	0	1008	0.0000	0.1169
TACAG	0	670	0.0000	0.0777
GTGAT	0	1001	0.0000	0.1161
gaatg	3516	0	0.1066	0.0000
TACAC	0	360	0.0000	0.0418
AGGCT	0	593	0.0000	0.0688
ggtgg	3936	0	0.1193	0.0000
TACAA	0	623	0.0000	0.0723
CCTTG	0	488	0.0000	0.0566
CGCGA	0	937	0.0000	0.1087
GATTG	0	1041	0.0000	0.1207
CGCGC	0	1350	0.0000	0.1566
ggtgc	3061	0	0.0928	0.0000
CCTTC	0	872	0.0000	0.1011
gaata	3016	0	0.0914	0.0000
CAATT	0	829	0.0000	0.0961
CCTTA	0	568	0.0000	0.0659
GATTC	0	941	0.0000	0.1091
CGCGG	0	1098	0.0000	0.1273
gaatc	3168	0	0.0960	0.0000
GTGAG	0	708	0.0000	0.0821
AGGCG	0	1056	0.0000	0.1225
ggtga	5216	0	0.1581	0.0000
ACCGG	0	1074	0.0000	0.1246
AGGCC	0	600	0.0000	0.0696
CCTTT	0	715	0.0000	0.0829
ACCGT	0	1269	0.0000	0.1472
GATTT	0	1261	0.0000	0.1462
caaca	5930	0	0.1798	0.0000
CGCCT	0	1001	0.0000	0.1161
cccaa	3197	0	0.0969	0.0000
caacc	4138	0	0.1254	0.0000
cccac	2112	0	0.0640	0.0000
caacg	4561	0	0.1383	0.0000
cccag	2040	0	0.0618	0.0000
AGGGC	0	448	0.0000	0.0520
AGGGA	0	584	0.0000	0.0677
GACTA	0	342	0.0000	0.0397
GTGCG	0	862	0.0000	0.1000
CGCCG	0	1475	0.0000	0.1711
cctca	2040	0	0.0618	0.0000
caact	4124	0	0.1250	0.0000
cctcc	826	0	0.0250	0.0000
GTGCC	0	881	0.0000	0.1022
cccat	2490	0	0.0755	0.0000
GTGCA	0	621	0.0000	0.0720
ggtct	1777	0	0.0539	0.0000
cctcg	1499	0	0.0454	0.0000
TACCT	0	458	0.0000	0.0531
GACTG	0	769	0.0000	0.0892
GACTC	0	462	0.0000	0.0536
acgaa	3206	0	0.0972	0.0000
acgac	2523	0	0.0765	0.0000
TACCG	0	1192	0.0000	0.1382
GTGCT	0	996	0.0000	0.1155
cctat	1429	0	0.0433	0.0000
TACCC	0	674	0.0000	0.0782
TACCA	0	845	0.0000	0.0980
acgag	2116	0	0.0641	0.0000
GACTT	0	506	0.0000	0.0587
ggcct	1660	0	0.0503	0.0000
ggccc	989	0	0.0300	0.0000
ggcca	3675	0	0.1114	0.0000
ggccg	1887	0	0.0572	0.0000
acgat	3643	0	0.1104	0.0000
CGTCC	0	562	0.0000	0.0652
CGCAT	0	1157	0.0000	0.1342
ccgca	3011	0	0.0913	0.0000
CGTCG	0	974	0.0000	0.1130
ccgcc	2967	0	0.0899	0.0000
AAAGA	0	987	0.0000	0.1145
ccgcg	2248	0	0.0682	0.0000
AAAGC	0	1206	0.0000	0.1399
CGCAC	0	813	0.0000	0.0943
gcgtt	5038	0	0.1527	0.0000
CGCAG	0	1372	0.0000	0.1591
ccgct	3358	0	0.1018	0.0000
ggtat	3072	0	0.0931	0.0000
TCACT	0	659	0.0000	0.0764
CGTCA	0	1167	0.0000	0.1353
ACCCT	0	447	0.0000	0.0518
ggtcg	2169	0	0.0658	0.0000
ggtcc	741	0	0.0225	0.0000
TCACG	0	1056	0.0000	0.1225
CGCCA	0	1656	0.0000	0.1921
ggcat	3890	0	0.1179	0.0000
TCACC	0	1211	0.0000	0.1404
ggtca	3201	0	0.0970	0.0000
CGCCC	0	863	0.0000	0.1001
TCACA	0	540	0.0000	0.0626
CGTCT	0	761	0.0000	0.0883
ggcag	2990	0	0.0906	0.0000
ACCCC	0	473	0.0000	0.0549
ACCCG	0	828	0.0000	0.0960
ggcaa	5079	0	0.1540	0.0000
ggcac	2726	0	0.0826	0.0000
CGTAA	0	1099	0.0000	0.1275
CGGGT	0	896	0.0000	0.1039
CGTAC	0	816	0.0000	0.0946
CGTAG	0	680	0.0000	0.0789
GGAAA	0	1175	0.0000	0.1363
ACCGA	0	985	0.0000	0.1142
GGAAC	0	754	0.0000	0.0874
AGGCA	0	1128	0.0000	0.1308
GGAAG	0	1145	0.0000	0.1328
ACCGC	0	1271	0.0000	0.1474
CGGGG	0	668	0.0000	0.0775
GTGGG	0	595	0.0000	0.0690
CCGTG	0	1101	0.0000	0.1277
GTGGC	0	884	0.0000	0.1025
CCGTC	0	859	0.0000	0.0996
GTGGA	0	775	0.0000	0.0899
CCGTA	0	956	0.0000	0.1109
GGAAT	0	879	0.0000	0.1019
gcgtc	2605	0	0.0790	0.0000
AGGAT	0	883	0.0000	0.1024
ACTGG	0	1107	0.0000	0.1284
gcgta	2773	0	0.0841	0.0000
GTTAG	0	552	0.0000	0.0640
gcgtg	3304	0	0.1002	0.0000
ggtag	1926	0	0.0584	0.0000
GTTAC	0	863	0.0000	0.1001
ggtaa	3782	0	0.1147	0.0000
GTTAA	0	1056	0.0000	0.1225
GTGGT	0	722	0.0000	0.0837
CCGTT	0	1267	0.0000	0.1469
tcgaa	3209	0	0.0973	0.0000
ggtac	2034	0	0.0617	0.0000
tcgac	3005	0	0.0911	0.0000
ACTGT	0	649	0.0000	0.0753
CGCAA	0	1077	0.0000	0.1249
ggggt	1446	0	0.0438	0.0000
tcgag	2660	0	0.0806	0.0000
CGTAT	0	825	0.0000	0.0957
AGGAG	0	599	0.0000	0.0695
AAAGG	0	873	0.0000	0.1012
AGGAA	0	942	0.0000	0.1092
GTTAT	0	999	0.0000	0.1159
GGACA	0	438	0.0000	0.0508
AGGAC	0	462	0.0000	0.0536
ggggc	1322	0	0.0401	0.0000
gggga	1274	0	0.0386	0.0000
ggggg	884	0	0.0268	0.0000
AAAGT	0	706	0.0000	0.0819
ACTGC	0	987	0.0000	0.1145
ACTGA	0	1005	0.0000	0.1166
GGACC	0	451	0.0000	0.0523
GGACG	0	525	0.0000	0.0609
AAACA	0	1149	0.0000	0.1333
GTCAG	0	1130	0.0000	0.1311
ACTAT	0	405	0.0000	0.0470
GTCAC	0	703	0.0000	0.0815
GTCAA	0	793	0.0000	0.0920
GGACT	0	381	0.0000	0.0442
ACTAA	0	450	0.0000	0.0522
ACGGT	0	880	0.0000	0.1021
GTTCG	0	828	0.0000	0.0960
AAAAT	0	877	0.0000	0.1017
GTCAT	0	901	0.0000	0.1045
ACTAC	0	392	0.0000	0.0455
GTTCC	0	876	0.0000	0.1016
GTTCA	0	1115	0.0000	0.1293
ACTAG	0	234	0.0000	0.0271
CGGGA	0	765	0.0000	0.0887
CGGGC	0	1067	0.0000	0.1237
AAAAC	0	1052	0.0000	0.1220
ACGGC	0	1043	0.0000	0.1210
AAAAA	0	319	0.0000	0.0370
AAAAG	0	554	0.0000	0.0643
ACGGG	0	771	0.0000	0.0894
GTTCT	0	882	0.0000	0.1023
TAGTT	0	450	0.0000	0.0522
CGGCT	0	1041	0.0000	0.1207
ccgaa	2185	0	0.0662	0.0000
ccgac	1853	0	0.0562	0.0000
ccgag	1819	0	0.0551	0.0000
CCCGG	0	991	0.0000	0.1149
ACCCA	0	749	0.0000	0.0869
CGGCA	0	1590	0.0000	0.1844
ACTCT	0	461	0.0000	0.0535
CGGCC	0	668	0.0000	0.0775
TAGTG	0	459	0.0000	0.0532
GTCCG	0	542	0.0000	0.0629
CGGCG	0	1415	0.0000	0.1641
TAGTC	0	364	0.0000	0.0422
TAGTA	0	462	0.0000	0.0536
GTCCC	0	373	0.0000	0.0433
TCAAT	0	1025	0.0000	0.1189
ccgat	3312	0	0.1004	0.0000
GTCCA	0	420	0.0000	0.0487
gctgt	3301	0	0.1001	0.0000
CCCGT	0	824	0.0000	0.0956
AAACT	0	821	0.0000	0.0952
ACTCC	0	545	0.0000	0.0632
gggct	1913	0	0.0580	0.0000
ACTCA	0	646	0.0000	0.0749
ACTCG	0	515	0.0000	0.0597
ACCAT	0	1008	0.0000	0.1169
TCAAG	0	625	0.0000	0.0725
GTCCT	0	376	0.0000	0.0436
TCAAC	0	1194	0.0000	0.1385
gccgt	2864	0	0.0868	0.0000
TCAAA	0	945	0.0000	0.1096
gggcg	1937	0	0.0587	0.0000
ACCAC	0	801	0.0000	0.0929
GGAGA	0	713	0.0000	0.0827
ACCAA	0	1019	0.0000	0.1182
AAACC	0	1245	0.0000	0.1444
GGAGC	0	756	0.0000	0.0877
ACCAG	0	1135	0.0000	0.1316
AAACG	0	1338	0.0000	0.1552
gccga	3196	0	0.0969	0.0000
gccgc	3683	0	0.1117	0.0000
gggcc	1047	0	0.0317	0.0000
gggca	2301	0	0.0698	0.0000
gccgg	1154	0	0.0350	0.0000
ttgtg	3845	0	0.1166	0.0000
cgacg	2494	0	0.0756	0.0000
gtttt	7020	0	0.2128	0.0000
CCAAG	0	456	0.0000	0.0529
ttgta	2835	0	0.0859	0.0000
CCAAC	0	923	0.0000	0.1070
cgact	2253	0	0.0683	0.0000
ttgtc	3769	0	0.1143	0.0000
CCAAA	0	991	0.0000	0.1149
ctcag	2789	0	0.0846	0.0000
CAGTG	0	824	0.0000	0.0956
GGGTG	0	686	0.0000	0.0796
GTAAG	0	654	0.0000	0.0758
CAGTC	0	631	0.0000	0.0732
AATCT	0	786	0.0000	0.0912
CAGTA	0	854	0.0000	0.0990
GTAAC	0	779	0.0000	0.0903
acagg	1897	0	0.0575	0.0000
ggatt	2897	0	0.0878	0.0000
TGTGA	0	590	0.0000	0.0684
ctcaa	5089	0	0.1543	0.0000
GTAAA	0	1223	0.0000	0.1418
CCAAT	0	791	0.0000	0.0917
acaga	2617	0	0.0793	0.0000
TGTGC	0	730	0.0000	0.0847
ctcac	2896	0	0.0878	0.0000
GGGTA	0	640	0.0000	0.0742
acagc	3376	0	0.1023	0.0000
GGGTC	0	558	0.0000	0.0647
cttag	2126	0	0.0645	0.0000
TGTGG	0	585	0.0000	0.0678
AATCA	0	1387	0.0000	0.1609
AACAT	0	908	0.0000	0.1053
AATCC	0	1070	0.0000	0.1241
CAGTT	0	1270	0.0000	0.1473
GTAAT	0	1015	0.0000	0.1177
acagt	2360	0	0.0715	0.0000
cttaa	2885	0	0.0875	0.0000
ctggt	3465	0	0.1050	0.0000
AATCG	0	1124	0.0000	0.1304
cttac	2575	0	0.0781	0.0000
GGGTT	0	761	0.0000	0.0883
TGTGT	0	328	0.0000	0.0380
CCACA	0	606	0.0000	0.0703
AACAA	0	1156	0.0000	0.1341
gttta	3751	0	0.1137	0.0000
gtttc	4046	0	0.1227	0.0000
atgag	3135	0	0.0950	0.0000
AACAC	0	721	0.0000	0.0836
cgaca	3307	0	0.1003	0.0000
atgaa	5042	0	0.1529	0.0000
gtttg	6340	0	0.1922	0.0000
atgac	3435	0	0.1041	0.0000
AACAG	0	1200	0.0000	0.1392
cgacc	2231	0	0.0676	0.0000
ttgtt	6522	0	0.1977	0.0000
cttat	2504	0	0.0759	0.0000
aattg	4623	0	0.1402	0.0000
aatta	2760	0	0.0837	0.0000
aattc	3118	0	0.0945	0.0000
TCTTG	0	483	0.0000	0.0560
atgat	4682	0	0.1419	0.0000
TAATT	0	756	0.0000	0.0877
TCTTC	0	1262	0.0000	0.1464
TCTTA	0	530	0.0000	0.0615
TGCCA	0	1335	0.0000	0.1548
aattt	5205	0	0.1578	0.0000
TGCCC	0	882	0.0000	0.1023
TGCCG	0	1659	0.0000	0.1924
GTACG	0	720	0.0000	0.0835
ctcca	2062	0	0.0625	0.0000
TAATG	0	1012	0.0000	0.1174
ctccc	964	0	0.0292	0.0000
GTACC	0	764	0.0000	0.0886
GTACA	0	565	0.0000	0.0655
TAATC	0	1069	0.0000	0.1240
ctccg	1165	0	0.0353	0.0000
TAATA	0	775	0.0000	0.0899
TGCCT	0	949	0.0000	0.1101
AACCT	0	744	0.0000	0.0863
cttca	5718	0	0.1733	0.0000
cttcc	2906	0	0.0881	0.0000
GTACT	0	707	0.0000	0.0820
ggatc	2191	0	0.0664	0.0000
ctcat	2977	0	0.0903	0.0000
cttcg	3299	0	0.1000	0.0000
ggatg	2794	0	0.0847	0.0000
AACCC	0	739	0.0000	0.0857
aactg	4503	0	0.1365	0.0000
AACCA	0	1077	0.0000	0.1249
aacta	1921	0	0.0582	0.0000
ggata	2269	0	0.0688	0.0000
atgcg	3380	0	0.1025	0.0000
AACCG	0	1290	0.0000	0.1496
aactc	3872	0	0.1174	0.0000
atgcc	3965	0	0.1202	0.0000
cttct	4727	0	0.1433	0.0000
atgca	3087	0	0.0936	0.0000
aagtt	4259	0	0.1291	0.0000
TCGTT	0	1014	0.0000	0.1176
ttcgt	3270	0	0.0991	0.0000
CACGG	0	753	0.0000	0.0873
CACGC	0	1080	0.0000	0.1253
TGCAA	0	831	0.0000	0.0964
TGCAC	0	753	0.0000	0.0873
TCGTG	0	889	0.0000	0.1031
TGCAG	0	1068	0.0000	0.1239
acaca	2419	0	0.0733	0.0000
TCGTC	0	856	0.0000	0.0993
acacc	3373	0	0.1023	0.0000
TCGTA	0	720	0.0000	0.0835
ttcgg	2213	0	0.0671	0.0000
CACGT	0	701	0.0000	0.0813
TGTCA	0	695	0.0000	0.0806
TGTCC	0	396	0.0000	0.0459
TGCAT	0	972	0.0000	0.1127
TGTCG	0	743	0.0000	0.0862
cactt	4952	0	0.1501	0.0000
acacg	2168	0	0.0657	0.0000
ctgct	4102	0	0.1244	0.0000
TGTCT	0	512	0.0000	0.0594
acact	2397	0	0.0727	0.0000
cgaag	3192	0	0.0968	0.0000
GTAGA	0	576	0.0000	0.0668
TGGGA	0	645	0.0000	0.0748
TGGGC	0	774	0.0000	0.0898
cgaat	2913	0	0.0883	0.0000
TGGGG	0	596	0.0000	0.0691
AATAT	0	926	0.0000	0.1074
CATGG	0	818	0.0000	0.0949
ctgga	2417	0	0.0733	0.0000
ctggc	4036	0	0.1224	0.0000
GTAGG	0	389	0.0000	0.0451
CATGC	0	937	0.0000	0.1087
CATGA	0	1039	0.0000	0.1205
ctggg	2026	0	0.0614	0.0000
GTAGC	0	628	0.0000	0.0728
TGTAA	0	683	0.0000	0.0792
TGGGT	0	679	0.0000	0.0787
TGTAC	0	519	0.0000	0.0602
AATAC	0	895	0.0000	0.1038
gtgta	1860	0	0.0564	0.0000
TGTAG	0	433	0.0000	0.0502
AATAA	0	1145	0.0000	0.1328
AAGGT	0	753	0.0000	0.0873
gtgtc	1990	0	0.0603	0.0000
AATAG	0	591	0.0000	0.0685
GGTTC	0	813	0.0000	0.0943
GGTTA	0	906	0.0000	0.1051
gtgtg	2640	0	0.0800	0.0000
GGTTG	0	879	0.0000	0.1019
CATGT	0	620	0.0000	0.0719
GTAGT	0	493	0.0000	0.0572
CACGA	0	706	0.0000	0.0819
AAGGC	0	981	0.0000	0.1138
AAGGA	0	855	0.0000	0.0992
TGTAT	0	525	0.0000	0.0609
AAGGG	0	570	0.0000	0.0661
gtgtt	3793	0	0.1150	0.0000
cgaac	2522	0	0.0765	0.0000
cgaaa	3941	0	0.1195	0.0000
GGTTT	0	1130	0.0000	0.1311
ccagg	1052	0	0.0319	0.0000
CACCG	0	1257	0.0000	0.1458
ttcta	2887	0	0.0875	0.0000
ttctc	3707	0	0.1124	0.0000
CACCC	0	657	0.0000	0.0762
CACCA	0	1272	0.0000	0.1475
ttctg	4162	0	0.1262	0.0000
ccagt	3524	0	0.1068	0.0000
ctgac	2906	0	0.0881	0.0000
ctgag	2954	0	0.0896	0.0000
CACCT	0	514	0.0000	0.0596
TTACA	0	676	0.0000	0.0784
GGCTA	0	564	0.0000	0.0654
GGCTC	0	550	0.0000	0.0638
ctgaa	4006	0	0.1214	0.0000
GGCTG	0	1218	0.0000	0.1413
TTACG	0	1026	0.0000	0.1190
TTACC	0	1087	0.0000	0.1261
AAGAT	0	903	0.0000	0.1047
GGCTT	0	1008	0.0000	0.1169
TTACT	0	779	0.0000	0.0903
AAGAA	0	1229	0.0000	0.1425
ccaga	3148	0	0.0954	0.0000
ttctt	6211	0	0.1883	0.0000
AAGAC	0	506	0.0000	0.0587
ccagc	4045	0	0.1226	0.0000
AAGAG	0	722	0.0000	0.0837
CACAG	0	669	0.0000	0.0776
CACAC	0	334	0.0000	0.0387
CACAA	0	689	0.0000	0.0799
cacta	2321	0	0.0704	0.0000
ctgcg	3448	0	0.1045	0.0000
cactc	2482	0	0.0752	0.0000
CATCG	0	1348	0.0000	0.1563
CACAT	0	583	0.0000	0.0676
cactg	3991	0	0.1210	0.0000
CATCC	0	1009	0.0000	0.1170
acaaa	5835	0	0.1769	0.0000
CATCA	0	1709	0.0000	0.1982
ctgca	3592	0	0.1089	0.0000
ctgcc	3045	0	0.0923	0.0000
acaag	3535	0	0.1072	0.0000
ctgat	4065	0	0.1232	0.0000
TGGTA	0	724	0.0000	0.0840
TTAAG	0	700	0.0000	0.0812
gtcgt	2494	0	0.0756	0.0000
TGGTC	0	816	0.0000	0.0946
catta	3414	0	0.1035	0.0000
acaac	3992	0	0.1210	0.0000
cattc	3316	0	0.1005	0.0000
TTAAC	0	971	0.0000	0.1126
TGGTG	0	1004	0.0000	0.1164
TTAAA	0	1038	0.0000	0.1204
cattg	5445	0	0.1651	0.0000
CATCT	0	854	0.0000	0.0990
AAGCT	0	734	0.0000	0.0851
aagta	2974	0	0.0902	0.0000
aagtc	2709	0	0.0821	0.0000
TTAAT	0	1128	0.0000	0.1308
TGGTT	0	1124	0.0000	0.1304
AAGCC	0	1028	0.0000	0.1192
cattt	5120	0	0.1552	0.0000
acaat	3368	0	0.1021	0.0000
AAGCA	0	1004	0.0000	0.1164
AAGCG	0	1263	0.0000	0.1465
aagtg	4761	0	0.1443	0.0000
ccacc	3998	0	0.1212	0.0000
ccacg	2735	0	0.0829	0.0000
CAGGG	0	778	0.0000	0.0902
TCCTT	0	670	0.0000	0.0777
CAGGC	0	1363	0.0000	0.1581
CAGGA	0	1024	0.0000	0.1188
gtcga	3035	0	0.0920	0.0000
CATAG	0	479	0.0000	0.0556
ccact	3892	0	0.1180	0.0000
gtcgc	2832	0	0.0859	0.0000
CATAC	0	583	0.0000	0.0676
gtcgg	1880	0	0.0570	0.0000
TCCTG	0	1005	0.0000	0.1166
CATAA	0	864	0.0000	0.1002
CAGGT	0	969	0.0000	0.1124
gcatt	4345	0	0.1317	0.0000
TCCTC	0	581	0.0000	0.0674
TCCTA	0	278	0.0000	0.0322
gttga	5443	0	0.1650	0.0000
gttgc	4450	0	0.1349	0.0000
gttgg	4854	0	0.1472	0.0000
CATAT	0	580	0.0000	0.0673
tgata	3772	0	0.1144	0.0000
cagtt	4487	0	0.1360	0.0000
aatga	4855	0	0.1472	0.0000
tgatc	4940	0	0.1498	0.0000
aatgg	5001	0	0.1516	0.0000
aatgc	4634	0	0.1405	0.0000
gttgt	4057	0	0.1230	0.0000
TCTTT	0	1012	0.0000	0.1174
ccaca	3283	0	0.0995	0.0000
ggaga	1788	0	0.0542	0.0000
aatgt	3320	0	0.1006	0.0000
ggagc	1598	0	0.0484	0.0000
TGCGA	0	779	0.0000	0.0903
TGCGC	0	1297	0.0000	0.1504
TGCGG	0	1000	0.0000	0.1160
tgatg	6932	0	0.2102	0.0000
aacga	3587	0	0.1087	0.0000
aacgc	5217	0	0.1582	0.0000
tgatt	5941	0	0.1801	0.0000
TGCGT	0	1131	0.0000	0.1312
gcatg	3201	0	0.0970	0.0000
gtcct	1007	0	0.0305	0.0000
aacgg	3112	0	0.0943	0.0000
gcata	2067	0	0.0627	0.0000
ttttt	9191	0	0.2786	0.0000
gcatc	4234	0	0.1284	0.0000
aacgt	3600	0	0.1091	0.0000
ggagt	1315	0	0.0399	0.0000
tttta	5240	0	0.1589	0.0000
ttttc	6725	0	0.2039	0.0000
ggagg	780	0	0.0236	0.0000
ttttg	7821	0	0.2371	0.0000
ttgct	6721	0	0.2038	0.0000
CAGCG	0	1859	0.0000	0.2156
tactt	3075	0	0.0932	0.0000
CAGCC	0	1388	0.0000	0.1610
cgata	3891	0	0.1180	0.0000
CAGCA	0	2035	0.0000	0.2360
cgatc	3510	0	0.1064	0.0000
cgatg	5131	0	0.1556	0.0000
tacta	1400	0	0.0424	0.0000
ttgcg	4521	0	0.1371	0.0000
CAGCT	0	1130	0.0000	0.1311
tactc	2210	0	0.0670	0.0000
tactg	2815	0	0.0853	0.0000
ttgca	4636	0	0.1405	0.0000
cgatt	4814	0	0.1459	0.0000
ttgcc	5239	0	0.1588	0.0000
TGTTT	0	991	0.0000	0.1149
CAGAG	0	552	0.0000	0.0640
CAGAC	0	852	0.0000	0.0988
CAGAA	0	1233	0.0000	0.1430
ctttt	5841	0	0.1771	0.0000
CAGAT	0	976	0.0000	0.1132
ctcta	2214	0	0.0671	0.0000
TGCTA	0	489	0.0000	0.0567
TGCTC	0	947	0.0000	0.1098
tgaac	4329	0	0.1312	0.0000
TGCTG	0	1973	0.0000	0.2288
tgaag	5527	0	0.1676	0.0000
GTATG	0	642	0.0000	0.0745
GTATC	0	716	0.0000	0.0830
GTATA	0	371	0.0000	0.0430
TGCTT	0	1063	0.0000	0.1233
cttta	4582	0	0.1389	0.0000
ctttc	4676	0	0.1418	0.0000
GTATT	0	916	0.0000	0.1062
tgaaa	6156	0	0.1866	0.0000
ctttg	6331	0	0.1919	0.0000
atcct	1931	0	0.0585	0.0000
agagc	3712	0	0.1125	0.0000
agaga	3538	0	0.1073	0.0000
TTAGC	0	669	0.0000	0.0776
agagg	1940	0	0.0588	0.0000
TTAGA	0	486	0.0000	0.0564
ctgtg	2234	0	0.0677	0.0000
tcagg	2494	0	0.0756	0.0000
TTAGG	0	348	0.0000	0.0404
TTAGT	0	539	0.0000	0.0625
acata	1773	0	0.0538	0.0000
ctgta	1835	0	0.0556	0.0000
acatc	3902	0	0.1183	0.0000
ctgtc	2014	0	0.0611	0.0000
tcagt	3514	0	0.1065	0.0000
agagt	2677	0	0.0812	0.0000
TGTTA	0	750	0.0000	0.0870
attgc	4961	0	0.1504	0.0000
TGTTC	0	1001	0.0000	0.1161
TGTTG	0	1213	0.0000	0.1407
attga	6021	0	0.1825	0.0000
acatg	2451	0	0.0743	0.0000
acatt	3472	0	0.1053	0.0000
tcaga	2836	0	0.0860	0.0000
ctgtt	3958	0	0.1200	0.0000
tcagc	4621	0	0.1401	0.0000
ttgat	7654	0	0.2320	0.0000
attgt	3351	0	0.1016	0.0000
tatta	2194	0	0.0665	0.0000
tattc	3073	0	0.0932	0.0000
tattg	4483	0	0.1359	0.0000
attgg	5192	0	0.1574	0.0000
ttgac	3570	0	0.1082	0.0000
ttgag	5103	0	0.1547	0.0000
ATATT	0	957	0.0000	0.1110
ATATG	0	656	0.0000	0.0761
ttgaa	6778	0	0.2055	0.0000
ATATA	0	300	0.0000	0.0348
atcgc	5285	0	0.1602	0.0000
ATATC	0	879	0.0000	0.1019
atcga	4801	0	0.1455	0.0000
atcgt	3706	0	0.1124	0.0000
tattt	4428	0	0.1342	0.0000
atcgg	3195	0	0.0969	0.0000
attag	1966	0	0.0596	0.0000
ttcct	2565	0	0.0778	0.0000
attaa	3714	0	0.1126	0.0000
atggt	4470	0	0.1355	0.0000
attac	3112	0	0.0943	0.0000
agacg	2147	0	0.0651	0.0000
ttcca	4126	0	0.1251	0.0000
attat	2584	0	0.0783	0.0000
ttccc	1813	0	0.0550	0.0000
agacc	1906	0	0.0578	0.0000
agaca	2622	0	0.0795	0.0000
ttccg	2347	0	0.0712	0.0000
TTATA	0	483	0.0000	0.0560
tgagt	4018	0	0.1218	0.0000
agact	1568	0	0.0475	0.0000
tcata	2242	0	0.0680	0.0000
attca	4105	0	0.1244	0.0000
TTATG	0	821	0.0000	0.0952
TTATC	0	1315	0.0000	0.1525
tgagc	4886	0	0.1481	0.0000
tgaga	2982	0	0.0904	0.0000
atcag	3898	0	0.1182	0.0000
tgagg	2235	0	0.0678	0.0000
atcaa	7490	0	0.2271	0.0000
atcac	5021	0	0.1522	0.0000
tcatt	4547	0	0.1378	0.0000
attcg	2957	0	0.0896	0.0000
tttgc	6878	0	0.2085	0.0000
attcc	2375	0	0.0720	0.0000
tttgg	6118	0	0.1855	0.0000
atcat	4557	0	0.1381	0.0000
tcatc	5721	0	0.1734	0.0000
tcatg	3234	0	0.0980	0.0000
tttga	7004	0	0.2123	0.0000
attct	3104	0	0.0941	0.0000
atcca	3923	0	0.1189	0.0000
ttcga	3329	0	0.1009	0.0000
ttcgc	3978	0	0.1206	0.0000
tttgt	5909	0	0.1791	0.0000
atccg	2124	0	0.0644	0.0000
atccc	2075	0	0.0629	0.0000
tttag	3268	0	0.0991	0.0000
aactt	4369	0	0.1325	0.0000
atgct	3534	0	0.1071	0.0000
GAGAC	0	457	0.0000	0.0530
CTATC	0	575	0.0000	0.0667
cgagt	2468	0	0.0748	0.0000
GAGAA	0	837	0.0000	0.0971
CTATA	0	236	0.0000	0.0274
ttggt	6885	0	0.2087	0.0000
tttaa	4703	0	0.1426	0.0000
tttac	4435	0	0.1345	0.0000
ccata	2595	0	0.0787	0.0000
ccatc	4408	0	0.1336	0.0000
tgaat	4491	0	0.1361	0.0000
cttga	4654	0	0.1411	0.0000
GAGAG	0	432	0.0000	0.0501
ccatg	3312	0	0.1004	0.0000
cttgc	4814	0	0.1459	0.0000
ttgga	3679	0	0.1115	0.0000
ttggc	7088	0	0.2149	0.0000
ttggg	3148	0	0.0954	0.0000
tgacg	3815	0	0.1157	0.0000
AGCTG	0	1179	0.0000	0.1367
GAGAT	0	784	0.0000	0.0909
CTATT	0	576	0.0000	0.0668
AGCTT	0	737	0.0000	0.0855
ctcct	1230	0	0.0373	0.0000
tgact	2889	0	0.0876	0.0000
cgaga	2500	0	0.0758	0.0000
CTATG	0	400	0.0000	0.0464
AGCTC	0	677	0.0000	0.0785
cgagc	2997	0	0.0909	0.0000
tgacc	3233	0	0.0980	0.0000
tttat	4719	0	0.1431	0.0000
cgagg	1456	0	0.0441	0.0000
tgaca	3114	0	0.0944	0.0000
AGCTA	0	400	0.0000	0.0464
tttcg	3954	0	0.1199	0.0000
ctcga	2641	0	0.0801	0.0000
ctcgc	2881	0	0.0873	0.0000
GAGCC	0	603	0.0000	0.0699
tttca	6405	0	0.1942	0.0000
GAGCA	0	1035	0.0000	0.1200
tttcc	3656	0	0.1108	0.0000
ttcat	5016	0	0.1521	0.0000
ttcag	4002	0	0.1213	0.0000
ctcgt	2186	0	0.0663	0.0000
GAGCG	0	859	0.0000	0.0996
GAGCT	0	672	0.0000	0.0779
agaac	3048	0	0.0924	0.0000
ttcaa	6678	0	0.2024	0.0000
ctcgg	1829	0	0.0554	0.0000
agaaa	6176	0	0.1872	0.0000
ttcac	4733	0	0.1435	0.0000
ccatt	4902	0	0.1486	0.0000
gtcta	1545	0	0.0468	0.0000
atgga	3041	0	0.0922	0.0000
gtctc	1638	0	0.0497	0.0000
agaag	4447	0	0.1348	0.0000
gtctg	2116	0	0.0641	0.0000
agaat	3065	0	0.0929	0.0000
cttgg	4640	0	0.1407	0.0000
gtctt	2925	0	0.0887	0.0000
cttgt	3679	0	0.1115	0.0000
atggg	2355	0	0.0714	0.0000
tttct	6260	0	0.1898	0.0000
atggc	5275	0	0.1599	0.0000
atatt	3514	0	0.1065	0.0000
CTCTA	0	352	0.0000	0.0408
cagaa	4159	0	0.1261	0.0000
cagac	2224	0	0.0674	0.0000
atatg	2057	0	0.0624	0.0000
cagag	2913	0	0.0883	0.0000
CTTTT	0	715	0.0000	0.0829
tacct	2552	0	0.0774	0.0000
cagat	3184	0	0.0965	0.0000
gcaat	5000	0	0.1516	0.0000
gagta	2267	0	0.0687	0.0000
gagtc	1761	0	0.0534	0.0000
CTCTT	0	770	0.0000	0.0893
gcaag	4671	0	0.1416	0.0000
CTCTG	0	765	0.0000	0.0887
CTCTC	0	408	0.0000	0.0473
gcaaa	6643	0	0.2014	0.0000
gcaac	4386	0	0.1330	0.0000
CGATG	0	1317	0.0000	0.1527
GCGAA	0	1031	0.0000	0.1196
tatgt	1729	0	0.0524	0.0000
GCGAC	0	910	0.0000	0.1055
cagca	5869	0	0.1779	0.0000
cagcc	2888	0	0.0876	0.0000
CGATT	0	1120	0.0000	0.1299
cagcg	4218	0	0.1279	0.0000
ATGTT	0	971	0.0000	0.1126
tatga	2220	0	0.0673	0.0000
tatgc	2078	0	0.0630	0.0000
GCGAT	0	1368	0.0000	0.1587
tatgg	2496	0	0.0757	0.0000
ATGTC	0	633	0.0000	0.0734
GCGAG	0	704	0.0000	0.0816
cagct	3442	0	0.1043	0.0000
ATGTA	0	460	0.0000	0.0533
CGATA	0	1170	0.0000	0.1357
ATGTG	0	590	0.0000	0.0684
CGATC	0	899	0.0000	0.1043
tacga	2210	0	0.0670	0.0000
CTTTG	0	913	0.0000	0.1059
tacgc	2784	0	0.0844	0.0000
CTTTC	0	1048	0.0000	0.1215
tacgg	1797	0	0.0545	0.0000
CTTTA	0	907	0.0000	0.1052
GCGCA	0	1274	0.0000	0.1478
GCGCC	0	1248	0.0000	0.1447
GCGCG	0	1427	0.0000	0.1655
tatat	1404	0	0.0426	0.0000
GCGCT	0	1148	0.0000	0.1331
ATTGT	0	680	0.0000	0.0789
tataa	1645	0	0.0499	0.0000
taggt	1943	0	0.0589	0.0000
tatac	1149	0	0.0348	0.0000
ATTGG	0	751	0.0000	0.0871
tatag	1190	0	0.0361	0.0000
gatgt	4042	0	0.1225	0.0000
ATTGA	0	1061	0.0000	0.1231
ACATG	0	577	0.0000	0.0669
tacaa	2818	0	0.0854	0.0000
ATTGC	0	1251	0.0000	0.1451
tacac	1843	0	0.0559	0.0000
tacag	1815	0	0.0550	0.0000
ACATT	0	772	0.0000	0.0895
gacgt	2134	0	0.0647	0.0000
gacgg	2029	0	0.0615	0.0000
gacga	2951	0	0.0895	0.0000
gacgc	2559	0	0.0776	0.0000
AGAGT	0	480	0.0000	0.0557
ACATC	0	872	0.0000	0.1011
ACATA	0	422	0.0000	0.0489
tatct	2883	0	0.0874	0.0000
tatca	3528	0	0.1070	0.0000
tatcc	2201	0	0.0667	0.0000
tacat	2083	0	0.0631	0.0000
tatcg	3794	0	0.1150	0.0000
gatgg	4491	0	0.1361	0.0000
tacca	3725	0	0.1129	0.0000
taccc	1932	0	0.0586	0.0000
ATCGT	0	1104	0.0000	0.1280
taccg	2938	0	0.0891	0.0000
ATCGG	0	907	0.0000	0.1052
gatga	5715	0	0.1733	0.0000
gatgc	4221	0	0.1280	0.0000
atatc	3364	0	0.1020	0.0000
ATCGA	0	1172	0.0000	0.1359
atata	1385	0	0.0420	0.0000
ATCGC	0	1446	0.0000	0.1677
GAAAA	0	1086	0.0000	0.1259
GCGGG	0	987	0.0000	0.1145
ATTCT	0	837	0.0000	0.0971
tagtt	1982	0	0.0601	0.0000
GAAAG	0	1001	0.0000	0.1161
GCGGA	0	786	0.0000	0.0912
GAAAC	0	1154	0.0000	0.1338
GCGGC	0	1490	0.0000	0.1728
GCTAA	0	558	0.0000	0.0647
GCGGT	0	1139	0.0000	0.1321
gatct	3331	0	0.1010	0.0000
GCTAC	0	552	0.0000	0.0640
tcaat	6108	0	0.1852	0.0000
GCTAG	0	337	0.0000	0.0391
tagta	1428	0	0.0433	0.0000
ATCAT	0	1206	0.0000	0.1399
tagtc	1292	0	0.0392	0.0000
ATTCC	0	953	0.0000	0.1105
tagtg	2226	0	0.0675	0.0000
GAAAT	0	1220	0.0000	0.1415
ATTCG	0	864	0.0000	0.1002
tcaca	2839	0	0.0861	0.0000
CTGTT	0	1262	0.0000	0.1464
gacct	1744	0	0.0529	0.0000
tcacc	5220	0	0.1582	0.0000
GCTAT	0	569	0.0000	0.0660
ATTCA	0	1081	0.0000	0.1254
tcacg	3348	0	0.1015	0.0000
ATCAC	0	1130	0.0000	0.1311
ctatg	1673	0	0.0507	0.0000
ATCAA	0	1289	0.0000	0.1495
ATCAG	0	1365	0.0000	0.1583
gaccc	1091	0	0.0331	0.0000
CTGTC	0	613	0.0000	0.0711
gaccg	1749	0	0.0530	0.0000
CTGTA	0	739	0.0000	0.0857
ctatt	2613	0	0.0792	0.0000
AGACT	0	440	0.0000	0.0510
gacca	3508	0	0.1063	0.0000
CTGTG	0	714	0.0000	0.0828
AGAGA	0	561	0.0000	0.0651
GCCAA	0	1006	0.0000	0.1167
GAACC	0	729	0.0000	0.0845
AGAGC	0	654	0.0000	0.0758
GAACA	0	979	0.0000	0.1135
GCCAG	0	1632	0.0000	0.1893
GAACG	0	1012	0.0000	0.1174
AGAGG	0	430	0.0000	0.0499
GCCAC	0	826	0.0000	0.0958
GCTCC	0	673	0.0000	0.0781
tcact	4208	0	0.1276	0.0000
gatat	3369	0	0.1021	0.0000
GCTCG	0	774	0.0000	0.0898
TCGAT	0	1134	0.0000	0.1315
gatag	2508	0	0.0760	0.0000
ATCCT	0	724	0.0000	0.0840
GCCAT	0	1244	0.0000	0.1443
GCTCA	0	880	0.0000	0.1021
GAACT	0	696	0.0000	0.0807
gatca	4869	0	0.1476	0.0000
GCTCT	0	674	0.0000	0.0782
TCGAG	0	605	0.0000	0.0702
gatcc	2195	0	0.0665	0.0000
gacat	2859	0	0.0867	0.0000
TCGAC	0	756	0.0000	0.0877
gatcg	3609	0	0.1094	0.0000
TCGAA	0	840	0.0000	0.0974
ATCCC	0	811	0.0000	0.0941
ATCCG	0	1016	0.0000	0.1178
gacaa	3723	0	0.1129	0.0000
gacac	1953	0	0.0592	0.0000
ATCCA	0	1005	0.0000	0.1166
gacag	1984	0	0.0601	0.0000
GCCCC	0	674	0.0000	0.0782
GCCCA	0	819	0.0000	0.0950
CTCGG	0	511	0.0000	0.0593
agttg	4166	0	0.1263	0.0000
AGAAC	0	815	0.0000	0.0945
CTCGT	0	723	0.0000	0.0839
agttt	4748	0	0.1439	0.0000
GCCCG	0	995	0.0000	0.1154
AGAAA	0	1028	0.0000	0.1192
tacgt	2241	0	0.0679	0.0000
CTCGC	0	659	0.0000	0.0764
CTCGA	0	581	0.0000	0.0674
GCCCT	0	408	0.0000	0.0473
gataa	4225	0	0.1281	0.0000
gaggt	1859	0	0.0564	0.0000
gatac	2718	0	0.0824	0.0000
agctc	3338	0	0.1012	0.0000
agcta	2321	0	0.0704	0.0000
gaggc	1889	0	0.0573	0.0000
gaggg	1137	0	0.0345	0.0000
agctg	3358	0	0.1018	0.0000
agctt	4368	0	0.1324	0.0000
gagga	1549	0	0.0470	0.0000
GGGAC	0	350	0.0000	0.0406
GAAGG	0	1143	0.0000	0.1326
CCATA	0	686	0.0000	0.0796
GGGAG	0	555	0.0000	0.0644
GAAGC	0	1314	0.0000	0.1524
GAAGA	0	1284	0.0000	0.1489
CTTGC	0	730	0.0000	0.0847
AGACG	0	591	0.0000	0.0685
CTTGA	0	643	0.0000	0.0746
AGACA	0	593	0.0000	0.0688
AGACC	0	520	0.0000	0.0603
GGGAA	0	879	0.0000	0.1019
ATTAT	0	985	0.0000	0.1142
GCTGG	0	1883	0.0000	0.2184
GGGAT	0	854	0.0000	0.0990
GAAGT	0	951	0.0000	0.1103
ctata	1116	0	0.0338	0.0000
ctatc	2416	0	0.0732	0.0000
ATTAC	0	996	0.0000	0.1155
GCTGA	0	1556	0.0000	0.1805
ATTAA	0	1084	0.0000	0.1257
ATGGT	0	936	0.0000	0.1086
CCATG	0	804	0.0000	0.0932
CGAGT	0	485	0.0000	0.0562
GCTGC	0	1583	0.0000	0.1836
ATTAG	0	527	0.0000	0.0611
CCATC	0	1226	0.0000	0.1422
tcaaa	6803	0	0.2062	0.0000
tcaac	5245	0	0.1590	0.0000
CTTGT	0	374	0.0000	0.0434
tcaag	4578	0	0.1388	0.0000
ATGGC	0	1168	0.0000	0.1355
GCTGT	0	1133	0.0000	0.1314
CCATT	0	1096	0.0000	0.1271
ATGGG	0	701	0.0000	0.0813
AGAAG	0	1128	0.0000	0.1308
CTTGG	0	412	0.0000	0.0478
ATGGA	0	817	0.0000	0.0948
AGAAT	0	931	0.0000	0.1080
GCCGG	0	1158	0.0000	0.1343
CTCCG	0	709	0.0000	0.0822
GGGCG	0	799	0.0000	0.0927
aatat	3538	0	0.1073	0.0000
GCCGC	0	1399	0.0000	0.1623
CTCCC	0	546	0.0000	0.0633
AATTT	0	1060	0.0000	0.1229
GCCGA	0	1120	0.0000	0.1299
CTCCA	0	665	0.0000	0.0771
TCTAT	0	440	0.0000	0.0510
GGGCA	0	898	0.0000	0.1041
GGGCC	0	431	0.0000	0.0500
AATTC	0	935	0.0000	0.1084
GGGCT	0	632	0.0000	0.0733
AATTA	0	862	0.0000	0.1000
GCCGT	0	1198	0.0000	0.1389
TCTAG	0	329	0.0000	0.0382
gtcca	1785	0	0.0541	0.0000
AATTG	0	746	0.0000	0.0865
gtccc	707	0	0.0214	0.0000
TCTAC	0	475	0.0000	0.0551
TAAAT	0	1227	0.0000	0.1423
TCTAA	0	463	0.0000	0.0537
TCGGT	0	846	0.0000	0.0981
gtccg	948	0	0.0287	0.0000
ATGAT	0	1181	0.0000	0.1370
aacac	3996	0	0.1211	0.0000
ATGAG	0	821	0.0000	0.0952
gttca	4198	0	0.1273	0.0000
TAAAG	0	1086	0.0000	0.1259
gttcc	1893	0	0.0574	0.0000
CGAGA	0	564	0.0000	0.0654
aacaa	6322	0	0.1917	0.0000
TCGGG	0	678	0.0000	0.0786
gtcat	3239	0	0.0982	0.0000
TAAAC	0	1120	0.0000	0.1299
CGAGC	0	837	0.0000	0.0971
gttcg	2542	0	0.0771	0.0000
TAAAA	0	654	0.0000	0.0758
TCGGC	0	932	0.0000	0.1081
CGAGG	0	533	0.0000	0.0618
aacag	4143	0	0.1256	0.0000
ATGAC	0	866	0.0000	0.1004
TCGGA	0	498	0.0000	0.0578
ATGAA	0	1288	0.0000	0.1494
aatcc	2878	0	0.0872	0.0000
aacat	3956	0	0.1199	0.0000
CTCCT	0	481	0.0000	0.0558
aatca	5608	0	0.1700	0.0000
gttct	2854	0	0.0865	0.0000
aatcg	4533	0	0.1374	0.0000
ACAGT	0	639	0.0000	0.0741
ccaaa	6510	0	0.1974	0.0000
aatct	3106	0	0.0942	0.0000
ccaac	5113	0	0.1550	0.0000
CTCAC	0	557	0.0000	0.0646
ggaca	1448	0	0.0439	0.0000
CTCAA	0	676	0.0000	0.0784
ccaag	4782	0	0.1450	0.0000
TCTCT	0	660	0.0000	0.0765
CTCAG	0	653	0.0000	0.0757
CGACG	0	1011	0.0000	0.1173
AACTT	0	612	0.0000	0.0710
ccaat	5212	0	0.1580	0.0000
cagta	2770	0	0.0840	0.0000
TCTCG	0	612	0.0000	0.0710
gtcaa	3510	0	0.1064	0.0000
cagtc	1619	0	0.0491	0.0000
TCCAT	0	815	0.0000	0.0945
gtcac	2970	0	0.0900	0.0000
TCTCC	0	702	0.0000	0.0814
TAACT	0	475	0.0000	0.0551
cagtg	3869	0	0.1173	0.0000
TCTCA	0	555	0.0000	0.0644
gtcag	2758	0	0.0836	0.0000
ATGCT	0	1048	0.0000	0.1215
CGACT	0	631	0.0000	0.0732
AACTC	0	601	0.0000	0.0697
AACTA	0	402	0.0000	0.0466
aaccg	3456	0	0.1048	0.0000
ATGCG	0	1087	0.0000	0.1261
CTTCT	0	847	0.0000	0.0982
AACTG	0	1178	0.0000	0.1366
aacca	5935	0	0.1799	0.0000
TCCAG	0	1160	0.0000	0.1345
gttaa	3586	0	0.1087	0.0000
gtggt	4624	0	0.1402	0.0000
TAACG	0	979	0.0000	0.1135
aaccc	2659	0	0.0806	0.0000
gttac	2699	0	0.0818	0.0000
ggact	973	0	0.0295	0.0000
ATGCA	0	976	0.0000	0.1132
TCCAC	0	728	0.0000	0.0844
TAACC	0	878	0.0000	0.1018
TCCAA	0	486	0.0000	0.0564
gttag	2170	0	0.0658	0.0000
TAACA	0	684	0.0000	0.0793
ATGCC	0	1151	0.0000	0.1335
aacct	3193	0	0.0968	0.0000
CTTCG	0	918	0.0000	0.1065
CTCAT	0	711	0.0000	0.0825
CTTCC	0	1069	0.0000	0.1240
CTTCA	0	1175	0.0000	0.1363
ggacc	728	0	0.0221	0.0000
gttat	2965	0	0.0899	0.0000
ggacg	1226	0	0.0372	0.0000
CTGGG	0	841	0.0000	0.0975
CGAAT	0	816	0.0000	0.0946
CTGGC	0	1774	0.0000	0.2057
CTGGA	0	1161	0.0000	0.1346
ttatc	4068	0	0.1233	0.0000
GGGGA	0	647	0.0000	0.0750
GGGGC	0	471	0.0000	0.0546
ttatg	2741	0	0.0831	0.0000
GGGGG	0	264	0.0000	0.0306
catga	3525	0	0.1069	0.0000
GGTAG	0	519	0.0000	0.0602
GCGTA	0	1055	0.0000	0.1224
catgc	3055	0	0.0926	0.0000
GCGTC	0	1053	0.0000	0.1221
CGAAG	0	1076	0.0000	0.1248
gtgga	2769	0	0.0839	0.0000
ttata	1711	0	0.0519	0.0000
catgg	3195	0	0.0969	0.0000
TCGCT	0	1021	0.0000	0.1184
GCGTG	0	1142	0.0000	0.1324
gtggc	4011	0	0.1216	0.0000
gtggg	1925	0	0.0584	0.0000
GGTAC	0	763	0.0000	0.0885
GGGGT	0	555	0.0000	0.0644
GGTAA	0	1077	0.0000	0.1249
CTTAT	0	642	0.0000	0.0745
ACACT	0	350	0.0000	0.0406
GCGTT	0	1443	0.0000	0.1674
TCGCG	0	975	0.0000	0.1131
TCGCC	0	1245	0.0000	0.1444
TCGCA	0	855	0.0000	0.0992
CGACA	0	683	0.0000	0.0792
CGACC	0	775	0.0000	0.0899
GGTAT	0	755	0.0000	0.0876
ggaat	2464	0	0.0747	0.0000
ACACG	0	486	0.0000	0.0564
CTTAC	0	641	0.0000	0.0743
CTTAA	0	682	0.0000	0.0791
CTGGT	0	1143	0.0000	0.1326
ggaac	1855	0	0.0562	0.0000
ttatt	4253	0	0.1289	0.0000
ggaaa	3589	0	0.1088	0.0000
ggaag	2937	0	0.0890	0.0000
CTTAG	0	429	0.0000	0.0498
GGCAG	0	1432	0.0000	0.1661
cacgc	3370	0	0.1022	0.0000
cacgg	2236	0	0.0678	0.0000
ACAGC	0	1069	0.0000	0.1240
GGCAA	0	1542	0.0000	0.1788
ACAGA	0	728	0.0000	0.0844
GGCAC	0	873	0.0000	0.1012
ACAGG	0	770	0.0000	0.0893
gactt	2972	0	0.0901	0.0000
cacgt	2383	0	0.0722	0.0000
GGTCG	0	789	0.0000	0.0915
GGTCA	0	897	0.0000	0.1040
GGTCC	0	392	0.0000	0.0455
GGCAT	0	1243	0.0000	0.1442
catgt	2452	0	0.0743	0.0000
aaggg	2329	0	0.0706	0.0000
aagga	2175	0	0.0659	0.0000
aaggc	3898	0	0.1182	0.0000
gtgct	3499	0	0.1061	0.0000
CGAAA	0	912	0.0000	0.1058
CGAAC	0	789	0.0000	0.0915
GGTCT	0	519	0.0000	0.0602
aataa	4337	0	0.1315	0.0000
aaggt	3967	0	0.1203	0.0000
aatac	3937	0	0.1194	0.0000
aatag	2568	0	0.0779	0.0000
cacga	2701	0	0.0819	0.0000
CTGCC	0	1423	0.0000	0.1650
gattt	5928	0	0.1797	0.0000
CTGCA	0	1130	0.0000	0.1311
cacaa	3888	0	0.1179	0.0000
cacac	2570	0	0.0779	0.0000
GGCCA	0	628	0.0000	0.0728
GGCCC	0	461	0.0000	0.0535
cacag	2311	0	0.0701	0.0000
ACAAA	0	1024	0.0000	0.1188
CTGCG	0	1209	0.0000	0.1402
GGCCG	0	634	0.0000	0.0735
gattc	3060	0	0.0928	0.0000
catca	6987	0	0.2118	0.0000
gattg	4986	0	0.1512	0.0000
catcc	2781	0	0.0843	0.0000
CACTG	0	894	0.0000	0.1037
cacat	2739	0	0.0830	0.0000
gtgca	2923	0	0.0886	0.0000
catcg	5070	0	0.1537	0.0000
CACTC	0	592	0.0000	0.0687
tagct	2297	0	0.0696	0.0000
gtgcc	2552	0	0.0774	0.0000
CACTA	0	385	0.0000	0.0447
GGCCT	0	665	0.0000	0.0771
gatta	3016	0	0.0914	0.0000
TCCGT	0	892	0.0000	0.1035
gtgcg	2780	0	0.0843	0.0000
gtgag	2926	0	0.0887	0.0000
gactc	1741	0	0.0528	0.0000
aagaa	5929	0	0.1797	0.0000
gactg	1670	0	0.0506	0.0000
catat	2023	0	0.0613	0.0000
aagag	4391	0	0.1331	0.0000
TCCGG	0	1028	0.0000	0.1192
CACTT	0	537	0.0000	0.0623
gtgat	5146	0	0.1560	0.0000
aagac	2822	0	0.0856	0.0000
gacta	1307	0	0.0396	0.0000
TCCGC	0	939	0.0000	0.1089
CTGCT	0	1175	0.0000	0.1363
TCCGA	0	489	0.0000	0.0567
aagat	4813	0	0.1459	0.0000
CCAGT	0	991	0.0000	0.1149
CTGAA	0	1381	0.0000	0.1602
cacca	6967	0	0.2112	0.0000
GGTGA	0	989	0.0000	0.1147
caccc	2160	0	0.0655	0.0000
gcaga	3831	0	0.1161	0.0000
caccg	3596	0	0.1090	0.0000
CTGAG	0	683	0.0000	0.0792
ACACC	0	627	0.0000	0.0727
CCAGG	0	873	0.0000	0.1012
ACACA	0	385	0.0000	0.0447
CTGAC	0	937	0.0000	0.1087
GAATC	0	899	0.0000	0.1043
TGGCA	0	1474	0.0000	0.1709
GAATA	0	983	0.0000	0.1140
TGGCC	0	689	0.0000	0.0799
AAGTT	0	771	0.0000	0.0894
cacct	3012	0	0.0913	0.0000
TGGCG	0	1570	0.0000	0.1821
GGTGC	0	913	0.0000	0.1059
gtgaa	4671	0	0.1416	0.0000
gtgac	3134	0	0.0950	0.0000
GAATG	0	1038	0.0000	0.1204
GGTGG	0	803	0.0000	0.0931
GAATT	0	901	0.0000	0.1045
aagca	5301	0	0.1607	0.0000
ACAAT	0	772	0.0000	0.0895
aagcc	4592	0	0.1392	0.0000
GCTTG	0	768	0.0000	0.0891
tagga	1167	0	0.0354	0.0000
TGGCT	0	1073	0.0000	0.1244
AAGTC	0	595	0.0000	0.0690
taggc	1731	0	0.0525	0.0000
AAGTA	0	616	0.0000	0.0714
catct	3451	0	0.1046	0.0000
CATTG	0	1037	0.0000	0.1203
AAGTG	0	653	0.0000	0.0757
taggg	1153	0	0.0350	0.0000
gcagt	3330	0	0.1010	0.0000
CATTC	0	949	0.0000	0.1101
GGTGT	0	594	0.0000	0.0689
CATTA	0	958	0.0000	0.1111
GCTTA	0	820	0.0000	0.0951
aagcg	5807	0	0.1760	0.0000
GCTTC	0	1198	0.0000	0.1389
GCTTT	0	1246	0.0000	0.1445
ACAAC	0	911	0.0000	0.1057
GGCGA	0	1263	0.0000	0.1465
GGCGC	0	1186	0.0000	0.1375
ACAAG	0	507	0.0000	0.0588
gcagc	4359	0	0.1321	0.0000
CATTT	0	1287	0.0000	0.1493
aagct	4289	0	0.1300	0.0000
gcagg	2528	0	0.0766	0.0000
CTGAT	0	1326	0.0000	0.1538
GGCGG	0	1204	0.0000	0.1396
AACGC	0	1540	0.0000	0.1786
AACGA	0	949	0.0000	0.1101
GCCTC	0	668	0.0000	0.0775
GCCTA	0	385	0.0000	0.0447
AATGT	0	716	0.0000	0.0830
TGGAA	0	1139	0.0000	0.1321
TGGAC	0	463	0.0000	0.0537
GGCGT	0	1188	0.0000	0.1378
TCCCT	0	572	0.0000	0.0663
TGGAG	0	727	0.0000	0.0843
GCCTG	0	1471	0.0000	0.1706
GCCTT	0	776	0.0000	0.0900
AATGC	0	1326	0.0000	0.1538
TGGAT	0	948	0.0000	0.1099
AATGG	0	1119	0.0000	0.1298
TCCCG	0	826	0.0000	0.0958
tagaa	2967	0	0.0899	0.0000
TCCCC	0	513	0.0000	0.0595
tagac	1620	0	0.0491	0.0000
TCCCA	0	692	0.0000	0.0803
CCAGC	0	1906	0.0000	0.2211
CCAGA	0	1023	0.0000	0.1186
AATGA	0	1137	0.0000	0.1319
cagga	1763	0	0.0534	0.0000
caggc	2366	0	0.0717	0.0000
caggg	1519	0	0.0460	0.0000
CCACG	0	785	0.0000	0.0910
TCTGT	0	722	0.0000	0.0837
CCACC	0	904	0.0000	0.1048
tagag	2275	0	0.0690	0.0000
gagtt	3715	0	0.1126	0.0000
cataa	2837	0	0.0860	0.0000
caggt	2313	0	0.0701	0.0000
catac	2046	0	0.0620	0.0000
gagtg	2748	0	0.0833	0.0000
TCTGG	0	1038	0.0000	0.1204
catag	1785	0	0.0541	0.0000
tagat	1950	0	0.0591	0.0000
CCACT	0	674	0.0000	0.0782
TCTGC	0	1134	0.0000	0.1315
TAAGT	0	509	0.0000	0.0590
TCTGA	0	742	0.0000	0.0861
AACGT	0	1003	0.0000	0.1163
tagca	2146	0	0.0651	0.0000
tagcc	2199	0	0.0667	0.0000
TAAGG	0	596	0.0000	0.0691
tagcg	2645	0	0.0802	0.0000
TAAGC	0	740	0.0000	0.0858
gcact	3237	0	0.0981	0.0000
gcacg	2455	0	0.0744	0.0000
TAAGA	0	544	0.0000	0.0631
AACGG	0	1125	0.0000	0.1305
gcaca	2968	0	0.0900	0.0000
gcacc	3144	0	0.0953	0.0000
CCTGA	0	1024	0.0000	0.1188
tgttc	3745	0	0.1135	0.0000
tgttg	5883	0	0.1783	0.0000
CGGAT	0	781	0.0000	0.0906
GGAGT	0	544	0.0000	0.0631
GGAGG	0	551	0.0000	0.0639
CAAGG	0	548	0.0000	0.0636
TGAAA	0	1346	0.0000	0.1561
cgcgt	2994	0	0.0908	0.0000
TGAAC	0	1058	0.0000	0.1227
cccta	1136	0	0.0344	0.0000
CGGAA	0	992	0.0000	0.1150
ccctc	1140	0	0.0346	0.0000
GCATC	0	1421	0.0000	0.1648
TGAAG	0	1342	0.0000	0.1556
CGGAC	0	523	0.0000	0.0607
GCATA	0	776	0.0000	0.0900
ttagt	2131	0	0.0646	0.0000
ccctg	1508	0	0.0457	0.0000
CGGAG	0	683	0.0000	0.0792
ttagg	1852	0	0.0561	0.0000
agggc	1745	0	0.0529	0.0000
CCTGG	0	891	0.0000	0.1033
aggga	1431	0	0.0434	0.0000
tgtta	2768	0	0.0839	0.0000
CAAGT	0	471	0.0000	0.0546
CCTGC	0	1234	0.0000	0.1431
GCATG	0	1107	0.0000	0.1284
cctta	1894	0	0.0574	0.0000
TGAAT	0	1195	0.0000	0.1386
TTGGG	0	556	0.0000	0.0645
ccttc	2901	0	0.0879	0.0000
GCATT	0	1254	0.0000	0.1454
caatt	4541	0	0.1377	0.0000
ACGCT	0	1148	0.0000	0.1331
TTGGC	0	980	0.0000	0.1137
ccttg	3639	0	0.1103	0.0000
agggg	1374	0	0.0417	0.0000
TTGGA	0	524	0.0000	0.0608
GTTGG	0	954	0.0000	0.1106
agtaa	3309	0	0.1003	0.0000
agggt	1584	0	0.0480	0.0000
GTTGC	0	1214	0.0000	0.1408
tgctc	4383	0	0.1329	0.0000
GTTGA	0	1165	0.0000	0.1351
CCTGT	0	825	0.0000	0.0957
tgcta	2189	0	0.0664	0.0000
ACGCA	0	1109	0.0000	0.1286
CCCGC	0	842	0.0000	0.0977
acgtc	2033	0	0.0616	0.0000
TTTAC	0	1067	0.0000	0.1237
tgttt	5794	0	0.1757	0.0000
CCCGA	0	597	0.0000	0.0692
TTGGT	0	867	0.0000	0.1006
agtag	1882	0	0.0571	0.0000
TTTAA	0	1015	0.0000	0.1177
ccttt	3874	0	0.1174	0.0000
ACGCC	0	1288	0.0000	0.1494
agtac	2272	0	0.0689	0.0000
acgta	2175	0	0.0659	0.0000
cgcgc	3081	0	0.0934	0.0000
cgcga	3292	0	0.0998	0.0000
ACGCG	0	1121	0.0000	0.1300
GTTGT	0	851	0.0000	0.0987
cgcgg	2321	0	0.0704	0.0000
acgtg	2398	0	0.0727	0.0000
TTTAG	0	537	0.0000	0.0623
acgtt	3740	0	0.1134	0.0000
tgctt	5289	0	0.1603	0.0000
agtat	1961	0	0.0594	0.0000
CCCCG	0	604	0.0000	0.0700
CCCCC	0	267	0.0000	0.0310
ACGGA	0	691	0.0000	0.0801
CCCCA	0	616	0.0000	0.0714
tgctg	6006	0	0.1821	0.0000
agcac	3340	0	0.1013	0.0000
GTCGG	0	747	0.0000	0.0866
agcaa	6682	0	0.2026	0.0000
CCCCT	0	440	0.0000	0.0510
GTCGC	0	919	0.0000	0.1066
GTCGA	0	754	0.0000	0.0874
ccctt	2116	0	0.0641	0.0000
agcag	4097	0	0.1242	0.0000
agtcc	946	0	0.0287	0.0000
agtca	2690	0	0.0815	0.0000
GTCGT	0	719	0.0000	0.0834
CAAGC	0	769	0.0000	0.0892
CAAGA	0	545	0.0000	0.0632
agtcg	2198	0	0.0666	0.0000
agcat	3440	0	0.1043	0.0000
agtct	1534	0	0.0465	0.0000
cgccg	2759	0	0.0836	0.0000
TATTG	0	919	0.0000	0.1066
CCCAG	0	866	0.0000	0.1004
TATTC	0	909	0.0000	0.1054
CAACG	0	1288	0.0000	0.1494
ttact	3297	0	0.1000	0.0000
TATTA	0	759	0.0000	0.0880
CCCAC	0	614	0.0000	0.0712
CCCAA	0	651	0.0000	0.0755
CAACC	0	997	0.0000	0.1156
CAACA	0	1174	0.0000	0.1362
cgcct	2910	0	0.0882	0.0000
CCTCG	0	573	0.0000	0.0665
aggca	3101	0	0.0940	0.0000
accgc	3826	0	0.1160	0.0000
ggctt	4549	0	0.1379	0.0000
ttacc	3931	0	0.1192	0.0000
CCCAT	0	745	0.0000	0.0864
CAACT	0	802	0.0000	0.0930
CCTCC	0	480	0.0000	0.0557
ttacg	3032	0	0.0919	0.0000
CCTCA	0	515	0.0000	0.0597
accga	3371	0	0.1022	0.0000
TCAGT	0	907	0.0000	0.1052
TTGCC	0	1372	0.0000	0.1591
aggcg	2690	0	0.0815	0.0000
cgtct	2196	0	0.0666	0.0000
TTGCA	0	897	0.0000	0.1040
accgg	1524	0	0.0462	0.0000
aggcc	1679	0	0.0509	0.0000
CCTCT	0	498	0.0000	0.0578
accgt	3028	0	0.0918	0.0000
TCAGG	0	1106	0.0000	0.1283
TTGCG	0	1050	0.0000	0.1218
TCAGC	0	1659	0.0000	0.1924
TCAGA	0	806	0.0000	0.0935
aggct	2430	0	0.0737	0.0000
cgccc	2033	0	0.0616	0.0000
cgcca	6000	0	0.1819	0.0000
TTGCT	0	1250	0.0000	0.1450
CAAAG	0	1133	0.0000	0.1314
ggttt	5325	0	0.1614	0.0000
CCGGG	0	961	0.0000	0.1115
TACTT	0	525	0.0000	0.0609
cgtga	3484	0	0.1056	0.0000
CAAAC	0	1224	0.0000	0.1420
CCGGC	0	1249	0.0000	0.1449
CAAAA	0	743	0.0000	0.0862
CCGGA	0	1004	0.0000	0.1164
cgtgc	2470	0	0.0749	0.0000
caata	4709	0	0.1428	0.0000
caatc	4791	0	0.1452	0.0000
cgtgg	2620	0	0.0794	0.0000
CCTAG	0	198	0.0000	0.0230
caatg	5662	0	0.1716	0.0000
TACTG	0	907	0.0000	0.1052
CAAAT	0	1291	0.0000	0.1497
CCTAC	0	295	0.0000	0.0342
ggttg	4129	0	0.1252	0.0000
CCTAA	0	341	0.0000	0.0395
CCGGT	0	1037	0.0000	0.1203
TACTC	0	512	0.0000	0.0594
ggtta	2953	0	0.0895	0.0000
TACTA	0	352	0.0000	0.0408
cgtgt	2083	0	0.0631	0.0000
ggttc	2256	0	0.0684	0.0000
gtagt	1851	0	0.0561	0.0000
TTGAA	0	1113	0.0000	0.1291
GTGTG	0	391	0.0000	0.0453
ttaga	2512	0	0.0762	0.0000
ttagc	3045	0	0.0923	0.0000
GTGTC	0	396	0.0000	0.0459
CCTAT	0	374	0.0000	0.0434
GTGTA	0	423	0.0000	0.0491
ggctc	2278	0	0.0691	0.0000
ggcta	2239	0	0.0679	0.0000
ACGAT	0	1011	0.0000	0.1173
TTGAG	0	744	0.0000	0.0863
ggctg	2992	0	0.0907	0.0000
TTGAC	0	771	0.0000	0.0894
ACGAC	0	676	0.0000	0.0784
GTGTT	0	655	0.0000	0.0760
ACGAA	0	878	0.0000	0.1018
ACGAG	0	516	0.0000	0.0598
TATTT	0	1056	0.0000	0.1225
TTGAT	0	1230	0.0000	0.1427
cgggg	874	0	0.0265	0.0000
actct	2670	0	0.0809	0.0000
TTTGT	0	941	0.0000	0.1091
TCATT	0	1109	0.0000	0.1286
gtaga	2198	0	0.0666	0.0000
gtagc	2096	0	0.0635	0.0000
cgtac	1865	0	0.0565	0.0000
cgtaa	2909	0	0.0882	0.0000
cgggt	1718	0	0.0521	0.0000
ccgta	1749	0	0.0530	0.0000
gtagg	1347	0	0.0408	0.0000
cgtag	1787	0	0.0542	0.0000
ccgtc	1909	0	0.0579	0.0000
TTCGC	0	1073	0.0000	0.1244
accca	3230	0	0.0979	0.0000
TCATG	0	927	0.0000	0.1075
ccgtg	2239	0	0.0679	0.0000
TTCGA	0	827	0.0000	0.0959
TCATC	0	1400	0.0000	0.1624
acccg	1720	0	0.0521	0.0000
TCATA	0	622	0.0000	0.0721
acccc	1366	0	0.0414	0.0000
TTCGG	0	790	0.0000	0.0916
TTCGT	0	932	0.0000	0.1081
accct	1536	0	0.0466	0.0000
cgggc	1481	0	0.0449	0.0000
cggga	1018	0	0.0309	0.0000
cgcac	2678	0	0.0812	0.0000
CCGCG	0	974	0.0000	0.1130
cgcag	3424	0	0.1038	0.0000
CCGCC	0	1213	0.0000	0.1407
TGAGA	0	674	0.0000	0.0782
CCGCA	0	1182	0.0000	0.1371
TGAGC	0	920	0.0000	0.1067
cgtca	3611	0	0.1095	0.0000
TGAGG	0	617	0.0000	0.0716
cgcat	3398	0	0.1030	0.0000
cgtcc	1233	0	0.0374	0.0000
cgtcg	2466	0	0.0748	0.0000
CCGCT	0	1082	0.0000	0.1255
aaagc	6671	0	0.2022	0.0000
TGAGT	0	743	0.0000	0.0862
aaaga	5781	0	0.1753	0.0000
aggag	1247	0	0.0378	0.0000
cgtat	2319	0	0.0703	0.0000
aggac	942	0	0.0286	0.0000
gtact	2310	0	0.0700	0.0000
aaagg	3884	0	0.1177	0.0000
ccgtt	3001	0	0.0910	0.0000
aggaa	2548	0	0.0772	0.0000
actga	3765	0	0.1141	0.0000
TTTGA	0	989	0.0000	0.1147
aaagt	4650	0	0.1410	0.0000
actgc	3330	0	0.1010	0.0000
aggat	1929	0	0.0585	0.0000
TTTGG	0	811	0.0000	0.0941
actgg	3595	0	0.1090	0.0000
TTTGC	0	1373	0.0000	0.1592
actgt	2273	0	0.0689	0.0000
cgcaa	4458	0	0.1351	0.0000
cggcc	1860	0	0.0564	0.0000
cggca	3613	0	0.1095	0.0000
cccgg	723	0	0.0219	0.0000
TTTCT	0	1053	0.0000	0.1221
CCGAG	0	594	0.0000	0.0689
cggcg	2834	0	0.0859	0.0000
CCGAC	0	759	0.0000	0.0880
GGATA	0	831	0.0000	0.0964
CCGAA	0	844	0.0000	0.0979
cccgt	1318	0	0.0400	0.0000
gtaca	2069	0	0.0627	0.0000
gtacc	1951	0	0.0591	0.0000
CCGAT	0	993	0.0000	0.1152
cggct	2676	0	0.0811	0.0000
gtacg	1907	0	0.0578	0.0000
GGATC	0	743	0.0000	0.0862
acgga	1768	0	0.0536	0.0000
gggtt	2545	0	0.0772	0.0000
GGATG	0	897	0.0000	0.1040
cctgt	1985	0	0.0602	0.0000
acggg	1306	0	0.0396	0.0000
TTCCG	0	1081	0.0000	0.1254
aaaag	6005	0	0.1820	0.0000
acggc	3009	0	0.0912	0.0000
aaaaa	9157	0	0.2776	0.0000
TTCCC	0	873	0.0000	0.1012
gtaat	2994	0	0.0908	0.0000
aaaac	7070	0	0.2143	0.0000
TTCCA	0	1100	0.0000	0.1276
GGATT	0	995	0.0000	0.1154
aaaat	6846	0	0.2075	0.0000
actac	1851	0	0.0561	0.0000
TTCCT	0	951	0.0000	0.1103
GTTTG	0	1233	0.0000	0.1430
actaa	2200	0	0.0667	0.0000
acggt	3106	0	0.0942	0.0000
GTTTC	0	1014	0.0000	0.1176
GTTTA	0	979	0.0000	0.1135
cccga	1213	0	0.0368	0.0000
actag	1083	0	0.0328	0.0000
cccgc	1726	0	0.0523	0.0000
actat	1785	0	0.0541	0.0000
TTTAT	0	1186	0.0000	0.1375
GTTTT	0	932	0.0000	0.1081
TGACA	0	726	0.0000	0.0842
TGACC	0	777	0.0000	0.0901
TGACG	0	1148	0.0000	0.1331
gtaaa	4298	0	0.1303	0.0000
gtaac	2652	0	0.0804	0.0000
aaaca	6023	0	0.1826	0.0000
gtaag	2601	0	0.0789	0.0000
TGACT	0	625	0.0000	0.0725
aaacg	5139	0	0.1558	0.0000
gggtg	2241	0	0.0679	0.0000
accag	3367	0	0.1021	0.0000
TTCAC	0	1075	0.0000	0.1247
accaa	7453	0	0.2259	0.0000
aaacc	5732	0	0.1738	0.0000
TTCAA	0	1030	0.0000	0.1195
accac	4893	0	0.1483	0.0000
GTCTG	0	808	0.0000	0.0937
GTCTC	0	478	0.0000	0.0554
GTCTA	0	369	0.0000	0.0428
gggtc	1136	0	0.0344	0.0000
gggta	1967	0	0.0596	0.0000
TTCAG	0	1330	0.0000	0.1542
TTCAT	0	1240	0.0000	0.1438
accat	4446	0	0.1348	0.0000
actcg	2477	0	0.0751	0.0000
TTTCC	0	1108	0.0000	0.1285
actca	3832	0	0.1162	0.0000
TTTCA	0	1304	0.0000	0.1512
aaact	4804	0	0.1456	0.0000
actcc	1331	0	0.0404	0.0000
GTCTT	0	562	0.0000	0.0652
TTTCG	0	1013	0.0000	0.1175
tgtct	2714	0	0.0823	0.0000
tgcat	3131	0	0.0949	0.0000
tgtcc	1508	0	0.0457	0.0000
tgtcg	3372	0	0.1022	0.0000
gagat	3239	0	0.0982	0.0000
tgccc	2355	0	0.0714	0.0000
tgccg	3657	0	0.1109	0.0000
gagct	3358	0	0.1018	0.0000
gagcg	3130	0	0.0949	0.0000
gagca	4269	0	0.1294	0.0000
gagcc	2390	0	0.0725	0.0000
tgcca	5830	0	0.1767	0.0000
TTGTT	0	1068	0.0000	0.1239
tgcct	2947	0	0.0893	0.0000
atagg	1468	0	0.0445	0.0000
ataga	2306	0	0.0699	0.0000
atagc	2462	0	0.0746	0.0000
tgtga	2993	0	0.0907	0.0000
gagag	2298	0	0.0697	0.0000
tgtgc	2923	0	0.0886	0.0000
gagaa	3693	0	0.1120	0.0000
atagt	1806	0	0.0548	0.0000
gagac	1588	0	0.0481	0.0000
agttc	3038	0	0.0921	0.0000
agtta	2490	0	0.0755	0.0000
cgctc	3172	0	0.0962	0.0000
cgcta	2596	0	0.0787	0.0000
cgctg	4286	0	0.1299	0.0000
cgctt	5882	0	0.1783	0.0000
cgttg	4597	0	0.1394	0.0000
ataaa	4840	0	0.1467	0.0000
tgggc	2664	0	0.0808	0.0000
tgggg	1791	0	0.0543	0.0000
aggta	2538	0	0.0769	0.0000
TTGTC	0	703	0.0000	0.0815
TTGTA	0	537	0.0000	0.0623
cgttt	5303	0	0.1608	0.0000
aggtg	2943	0	0.0892	0.0000
aggtc	1676	0	0.0508	0.0000
ataag	2545	0	0.0772	0.0000
TTGTG	0	539	0.0000	0.0625
ataac	3129	0	0.0949	0.0000
tggga	1885	0	0.0571	0.0000
aggtt	2955	0	0.0896	0.0000
tgtat	2213	0	0.0671	0.0000
tcgtt	3749	0	0.1137	0.0000
ataat	2528	0	0.0766	0.0000
tgtac	2047	0	0.0621	0.0000
tgtaa	2540	0	0.0770	0.0000
tgggt	3146	0	0.0954	0.0000
tcgta	2201	0	0.0667	0.0000
tgtag	1882	0	0.0571	0.0000
tcgtc	2978	0	0.0903	0.0000
tcgtg	2701	0	0.0819	0.0000
tgcac	3079	0	0.0933	0.0000
ataca	2136	0	0.0648	0.0000
tgcaa	4457	0	0.1351	0.0000
atacc	3283	0	0.0995	0.0000
tgcag	3571	0	0.1083	0.0000
tgtca	2939	0	0.0891	0.0000
atact	2011	0	0.0610	0.0000
atacg	2371	0	0.0719	0.0000
acttg	3901	0	0.1183	0.0000
acttc	3918	0	0.1188	0.0000
aaatt	5219	0	0.1582	0.0000
ATTTC	0	1374	0.0000	0.1594
ATTTG	0	1165	0.0000	0.1351
agcga	4335	0	0.1314	0.0000
ATTTA	0	1100	0.0000	0.1276
acttt	5009	0	0.1519	0.0000
agcgg	3190	0	0.0967	0.0000
agcgc	4426	0	0.1342	0.0000
ctact	1861	0	0.0564	0.0000
accta	2109	0	0.0639	0.0000
agcgt	3828	0	0.1160	0.0000
AGATT	0	865	0.0000	0.1003
acctg	2489	0	0.0755	0.0000
acctc	1932	0	0.0586	0.0000
AGATG	0	852	0.0000	0.0988
AGATA	0	798	0.0000	0.0925
AGATC	0	714	0.0000	0.0828
ctaga	1821	0	0.0552	0.0000
acctt	3977	0	0.1206	0.0000
ctagc	1673	0	0.0507	0.0000
TTCTT	0	1054	0.0000	0.1222
tggtt	5733	0	0.1738	0.0000
ATCTT	0	904	0.0000	0.1048
ttaat	3570	0	0.1082	0.0000
tggtc	3407	0	0.1033	0.0000
tggta	3526	0	0.1069	0.0000
ctagt	1128	0	0.0342	0.0000
tggtg	6747	0	0.2045	0.0000
ATCTG	0	895	0.0000	0.1038
ctagg	1326	0	0.0402	0.0000
ttaaa	4741	0	0.1437	0.0000
ttaac	3514	0	0.1065	0.0000
cgttc	2468	0	0.0748	0.0000
cgtta	3187	0	0.0966	0.0000
ttaag	3088	0	0.0936	0.0000
gtata	1157	0	0.0351	0.0000
gtatc	2556	0	0.0775	0.0000
ATCTC	0	784	0.0000	0.0909
gtatg	2048	0	0.0621	0.0000
ATCTA	0	447	0.0000	0.0518
ttaca	2548	0	0.0772	0.0000
gtatt	3819	0	0.1158	0.0000
ATTTT	0	1025	0.0000	0.1189
TTTTG	0	803	0.0000	0.0931
tctta	2345	0	0.0711	0.0000
taatt	2726	0	0.0826	0.0000
TTTTC	0	1045	0.0000	0.1212
tcttc	5232	0	0.1586	0.0000
TTTTA	0	824	0.0000	0.0956
tcttg	4711	0	0.1428	0.0000
cggtc	1697	0	0.0514	0.0000
taata	2220	0	0.0673	0.0000
tgtgg	3199	0	0.0970	0.0000
cggta	2782	0	0.0843	0.0000
taatc	2715	0	0.0823	0.0000
TTTTT	0	262	0.0000	0.0304
cggtg	3604	0	0.1093	0.0000
taatg	3401	0	0.1031	0.0000
ctaaa	3425	0	0.1038	0.0000
agccc	1946	0	0.0590	0.0000
ctaac	2364	0	0.0717	0.0000
agcca	5142	0	0.1559	0.0000
tgtgt	2360	0	0.0715	0.0000
ctaag	2132	0	0.0646	0.0000
tgcgg	3031	0	0.0919	0.0000
agccg	2582	0	0.0783	0.0000
agcct	2427	0	0.0736	0.0000
tgcgt	3646	0	0.1105	0.0000
TTCTG	0	1166	0.0000	0.1352
tcttt	5886	0	0.1784	0.0000
TTCTC	0	859	0.0000	0.0996
TTCTA	0	539	0.0000	0.0625
tgcga	3297	0	0.1000	0.0000
tgcgc	4135	0	0.1254	0.0000
tcctt	2222	0	0.0674	0.0000
ctaca	1848	0	0.0560	0.0000
tccta	1155	0	0.0350	0.0000
tcctc	1596	0	0.0484	0.0000
tcctg	1766	0	0.0535	0.0000
ctacc	1988	0	0.0603	0.0000
TGATA	0	994	0.0000	0.1153
ctacg	1711	0	0.0519	0.0000
TGATC	0	1070	0.0000	0.1241
cggtt	3436	0	0.1042	0.0000
TGATG	0	1402	0.0000	0.1626
agtgg	3559	0	0.1079	0.0000
aaata	4424	0	0.1341	0.0000
ctaat	1965	0	0.0596	0.0000
agtgc	3291	0	0.0998	0.0000
TGATT	0	1272	0.0000	0.1475
agtga	4171	0	0.1264	0.0000
aaatg	5246	0	0.1590	0.0000
aaatc	5422	0	0.1644	0.0000
actta	2552	0	0.0774	0.0000
agtgt	2532	0	0.0768	0.0000
