Kmer	RefCount	ReadCount	RefPc	ReadPc
gggat	1916	0	0.0581	0.0000
gctgg	4123	0	0.1250	0.0000
tcgga	1383	0	0.0419	0.0000
taaaa	5139	0	0.1558	0.0000
tcggc	3126	0	0.0948	0.0000
taaac	4125	0	0.1251	0.0000
gctga	4722	0	0.1432	0.0000
tcggg	1338	0	0.0406	0.0000
taaag	4456	0	0.1351	0.0000
gaagt	3687	0	0.1118	0.0000
gctgc	4489	0	0.1361	0.0000
gggac	736	0	0.0223	0.0000
gggag	1059	0	0.0321	0.0000
gaaga	5138	0	0.1558	0.0000
gaagc	4385	0	0.1329	0.0000
gggaa	1894	0	0.0574	0.0000
gaagg	2890	0	0.0876	0.0000
GAGGA	0	182	0.0000	0.0994
tctat	2158	0	0.0654	0.0000
GAGGG	0	210	0.0000	0.1147
GAGGC	0	184	0.0000	0.1005
gctct	3787	0	0.1148	0.0000
tctaa	2490	0	0.0755	0.0000
tcggt	3261	0	0.0989	0.0000
AGTTG	0	102	0.0000	0.0557
tctac	2135	0	0.0647	0.0000
taaat	3573	0	0.1083	0.0000
tctag	1760	0	0.0534	0.0000
GATAC	0	122	0.0000	0.0666
AGTTT	0	163	0.0000	0.0890
GATAA	0	236	0.0000	0.1289
GAGGT	0	90	0.0000	0.0491
ATAGT	0	106	0.0000	0.0579
gccct	1671	0	0.0507	0.0000
taaca	2624	0	0.0795	0.0000
taacc	2938	0	0.0891	0.0000
tccaa	3642	0	0.1104	0.0000
tccac	2676	0	0.0811	0.0000
GATAG	0	153	0.0000	0.0835
taacg	3411	0	0.1034	0.0000
AGTTC	0	108	0.0000	0.0590
GATAT	0	237	0.0000	0.1294
tccag	2468	0	0.0748	0.0000
AGTTA	0	115	0.0000	0.0628
ATAGC	0	172	0.0000	0.0939
gcccg	1433	0	0.0434	0.0000
ATAGA	0	141	0.0000	0.0770
ATAGG	0	112	0.0000	0.0612
gccca	2845	0	0.0862	0.0000
gcccc	1382	0	0.0419	0.0000
GACAG	0	150	0.0000	0.0819
GACAC	0	112	0.0000	0.0612
atctg	3113	0	0.0944	0.0000
GACAA	0	105	0.0000	0.0573
gctat	2431	0	0.0737	0.0000
AGGTT	0	80	0.0000	0.0437
GATCG	0	157	0.0000	0.0857
tcgat	4910	0	0.1489	0.0000
ATAAT	0	187	0.0000	0.1021
GACAT	0	135	0.0000	0.0737
atctt	4546	0	0.1378	0.0000
GATCC	0	121	0.0000	0.0661
GATCA	0	147	0.0000	0.0803
gaact	3057	0	0.0927	0.0000
AGGTG	0	100	0.0000	0.0546
gctcc	1457	0	0.0442	0.0000
gccat	5200	0	0.1576	0.0000
AGGTC	0	95	0.0000	0.0519
gctcg	3136	0	0.0951	0.0000
tcgca	3185	0	0.0966	0.0000
tcgcc	4132	0	0.1253	0.0000
ATAAC	0	199	0.0000	0.1087
gctca	4816	0	0.1460	0.0000
GATCT	0	118	0.0000	0.0644
tcgcg	3377	0	0.1024	0.0000
ATAAG	0	177	0.0000	0.0966
gccac	4222	0	0.1280	0.0000
gaacg	2425	0	0.0735	0.0000
gccag	3889	0	0.1179	0.0000
ATAAA	0	155	0.0000	0.0846
AGGTA	0	107	0.0000	0.0584
gaaca	3842	0	0.1165	0.0000
gccaa	7314	0	0.2217	0.0000
gaacc	2440	0	0.0740	0.0000
GACCA	0	116	0.0000	0.0633
CGCTG	0	241	0.0000	0.1316
TTATT	0	228	0.0000	0.1245
GACCG	0	173	0.0000	0.0945
CGCTT	0	254	0.0000	0.1387
GACCC	0	171	0.0000	0.0934
tcgct	4279	0	0.1297	0.0000
CGCTA	0	137	0.0000	0.0748
GACCT	0	156	0.0000	0.0852
CGCTC	0	168	0.0000	0.0917
gctac	2146	0	0.0651	0.0000
gctaa	3115	0	0.0944	0.0000
gcggt	3675	0	0.1114	0.0000
gaaat	4715	0	0.1429	0.0000
gctag	1643	0	0.0498	0.0000
ATACT	0	149	0.0000	0.0814
ATACG	0	163	0.0000	0.0890
gaaac	4037	0	0.1224	0.0000
gcggg	1724	0	0.0523	0.0000
gaaag	4369	0	0.1325	0.0000
ATACC	0	193	0.0000	0.1054
ATACA	0	131	0.0000	0.0715
gcggc	3697	0	0.1121	0.0000
gaaaa	6733	0	0.2041	0.0000
gcgga	2348	0	0.0712	0.0000
tctgt	2478	0	0.0751	0.0000
CTAGG	0	110	0.0000	0.0601
CTAGT	0	107	0.0000	0.0584
CGTTA	0	199	0.0000	0.1087
CGTTC	0	191	0.0000	0.1043
tctgc	3792	0	0.1150	0.0000
taagt	2552	0	0.0774	0.0000
GATGC	0	291	0.0000	0.1589
ACCTT	0	206	0.0000	0.1125
GATGA	0	269	0.0000	0.1469
tctgg	3126	0	0.0948	0.0000
tggat	4115	0	0.1248	0.0000
CTAGC	0	157	0.0000	0.0857
CTAGA	0	126	0.0000	0.0688
GATGG	0	241	0.0000	0.1316
GATGT	0	182	0.0000	0.0994
tggca	5648	0	0.1712	0.0000
tccgc	2329	0	0.0706	0.0000
CGTTT	0	249	0.0000	0.1360
ACCTC	0	132	0.0000	0.0721
tccgg	1170	0	0.0355	0.0000
tggcc	3639	0	0.1103	0.0000
ACCTG	0	200	0.0000	0.1092
agatg	3606	0	0.1093	0.0000
tggcg	6044	0	0.1832	0.0000
agatc	3357	0	0.1018	0.0000
agata	2868	0	0.0869	0.0000
CGTTG	0	201	0.0000	0.1098
agatt	3352	0	0.1016	0.0000
ACCTA	0	130	0.0000	0.0710
tccga	1385	0	0.0420	0.0000
AGCGT	0	222	0.0000	0.1212
GACGC	0	131	0.0000	0.0715
attta	3524	0	0.1068	0.0000
GACGA	0	141	0.0000	0.0770
TATAT	0	166	0.0000	0.0906
GACGG	0	225	0.0000	0.1229
tccgt	1703	0	0.0516	0.0000
GACGT	0	93	0.0000	0.0508
TATAG	0	100	0.0000	0.0546
tggct	5080	0	0.1540	0.0000
TATAC	0	149	0.0000	0.0814
atttg	5394	0	0.1635	0.0000
TATAA	0	118	0.0000	0.0644
TAGGT	0	89	0.0000	0.0486
atttc	4825	0	0.1463	0.0000
TAGGG	0	102	0.0000	0.0557
gcgct	4394	0	0.1332	0.0000
TAGGC	0	139	0.0000	0.0759
TAGGA	0	122	0.0000	0.0666
atttt	6936	0	0.2103	0.0000
atcta	1922	0	0.0583	0.0000
gcgcc	3168	0	0.0960	0.0000
atctc	3189	0	0.0967	0.0000
gcgca	4128	0	0.1251	0.0000
gcgcg	3075	0	0.0932	0.0000
CTACG	0	125	0.0000	0.0683
tctct	3469	0	0.1052	0.0000
CTACC	0	156	0.0000	0.0852
atgtg	2734	0	0.0829	0.0000
atgta	2147	0	0.0651	0.0000
atgtc	2779	0	0.0842	0.0000
tctca	3047	0	0.0924	0.0000
TAGAT	0	126	0.0000	0.0688
tctcc	1792	0	0.0543	0.0000
taact	2695	0	0.0817	0.0000
tccat	3088	0	0.0936	0.0000
tctcg	2465	0	0.0747	0.0000
atgtt	3895	0	0.1181	0.0000
CTACA	0	119	0.0000	0.0650
TAGAG	0	163	0.0000	0.0890
TAGAC	0	122	0.0000	0.0666
tccca	1848	0	0.0560	0.0000
gcgat	5491	0	0.1665	0.0000
TAGAA	0	144	0.0000	0.0786
tcccc	1234	0	0.0374	0.0000
ctctc	2246	0	0.0681	0.0000
tcccg	1006	0	0.0305	0.0000
gcgag	2817	0	0.0854	0.0000
ctctg	2935	0	0.0890	0.0000
gcgaa	3951	0	0.1198	0.0000
AGCCG	0	232	0.0000	0.1267
CTACT	0	109	0.0000	0.0595
gcgac	2902	0	0.0880	0.0000
ctctt	4527	0	0.1372	0.0000
AGCCT	0	132	0.0000	0.0721
GCAAC	0	177	0.0000	0.0966
ACTTT	0	168	0.0000	0.0917
CTAAG	0	104	0.0000	0.0568
CGGTA	0	212	0.0000	0.1158
GCAAA	0	183	0.0000	0.0999
AGCGA	0	198	0.0000	0.1081
CGGTC	0	251	0.0000	0.1371
CTAAC	0	133	0.0000	0.0726
CTAAA	0	98	0.0000	0.0535
CGGTG	0	197	0.0000	0.1076
AGCGG	0	290	0.0000	0.1584
GCAAG	0	161	0.0000	0.0879
AGCGC	0	242	0.0000	0.1321
ACTTC	0	172	0.0000	0.0939
AAATT	0	189	0.0000	0.1032
tccct	1465	0	0.0444	0.0000
TAGCT	0	198	0.0000	0.1081
ACTTG	0	95	0.0000	0.0519
GAGTC	0	120	0.0000	0.0655
GAGTA	0	109	0.0000	0.0595
GCAAT	0	223	0.0000	0.1218
taagc	3450	0	0.1046	0.0000
TAGCG	0	172	0.0000	0.0939
AAATC	0	169	0.0000	0.0923
taagg	2080	0	0.0631	0.0000
TAGCC	0	148	0.0000	0.0808
tggac	1718	0	0.0521	0.0000
AAATG	0	197	0.0000	0.1076
TAGCA	0	119	0.0000	0.0650
tggaa	4077	0	0.1236	0.0000
GAGTG	0	145	0.0000	0.0792
tggag	1991	0	0.0604	0.0000
GAGTT	0	115	0.0000	0.0628
ACTTA	0	136	0.0000	0.0743
tctga	2901	0	0.0879	0.0000
AGTGT	0	110	0.0000	0.0601
CGGTT	0	227	0.0000	0.1240
CTAAT	0	150	0.0000	0.0819
AGTGG	0	151	0.0000	0.0825
AAATA	0	200	0.0000	0.1092
AGTGA	0	157	0.0000	0.0857
taaga	2285	0	0.0693	0.0000
AGTGC	0	135	0.0000	0.0737
cccca	1927	0	0.0584	0.0000
ccccc	851	0	0.0258	0.0000
GCACC	0	112	0.0000	0.0612
GCACA	0	176	0.0000	0.0961
ccccg	831	0	0.0252	0.0000
AGCAA	0	200	0.0000	0.1092
TATGT	0	130	0.0000	0.0710
AGCAC	0	175	0.0000	0.0956
GCACG	0	173	0.0000	0.0945
GCACT	0	127	0.0000	0.0693
AGTAT	0	146	0.0000	0.0797
cccct	1220	0	0.0370	0.0000
ACGTT	0	168	0.0000	0.0917
TATGG	0	187	0.0000	0.1021
TATGC	0	189	0.0000	0.1032
gcctt	4039	0	0.1224	0.0000
TATGA	0	154	0.0000	0.0841
acgcc	3429	0	0.1040	0.0000
AGTAG	0	127	0.0000	0.0693
ACGTA	0	131	0.0000	0.0715
cctct	1973	0	0.0598	0.0000
AGTAC	0	129	0.0000	0.0704
acgca	3607	0	0.1093	0.0000
ACGTC	0	152	0.0000	0.0830
ACGTG	0	148	0.0000	0.0808
acgcg	2965	0	0.0899	0.0000
acgct	3918	0	0.1188	0.0000
AGGGG	0	186	0.0000	0.1016
AGTAA	0	141	0.0000	0.0770
AGGGT	0	127	0.0000	0.0693
cggaa	2336	0	0.0708	0.0000
gcttt	6662	0	0.2020	0.0000
caagg	3519	0	0.1067	0.0000
ggcgc	3123	0	0.0947	0.0000
ggcga	4250	0	0.1288	0.0000
cggac	980	0	0.0297	0.0000
AGCCC	0	126	0.0000	0.0688
cggag	1175	0	0.0356	0.0000
AGCCA	0	178	0.0000	0.0972
cctga	2564	0	0.0777	0.0000
caagt	3799	0	0.1152	0.0000
cctgc	2551	0	0.0773	0.0000
gcttg	5535	0	0.1678	0.0000
cctgg	1058	0	0.0321	0.0000
cggat	2188	0	0.0663	0.0000
CCCTG	0	180	0.0000	0.0983
ggtgt	3338	0	0.1012	0.0000
gcttc	4603	0	0.1395	0.0000
TACGT	0	161	0.0000	0.0879
CGCGT	0	210	0.0000	0.1147
CCCTC	0	95	0.0000	0.0519
gaatt	3217	0	0.0975	0.0000
gctta	3296	0	0.0999	0.0000
CCCTA	0	119	0.0000	0.0650
gcctg	2384	0	0.0723	0.0000
AGCAT	0	173	0.0000	0.0945
AGTCG	0	147	0.0000	0.0803
TACGG	0	166	0.0000	0.0906
AGTCT	0	111	0.0000	0.0606
ggcgt	3238	0	0.0982	0.0000
TACGC	0	174	0.0000	0.0950
CCCTT	0	181	0.0000	0.0988
gccta	1831	0	0.0555	0.0000
TACGA	0	151	0.0000	0.0825
gcctc	1689	0	0.0512	0.0000
AGCAG	0	238	0.0000	0.1300
ggcgg	2892	0	0.0877	0.0000
GCAGA	0	226	0.0000	0.1234
AGTCA	0	143	0.0000	0.0781
AGTCC	0	92	0.0000	0.0502
caaga	4746	0	0.1439	0.0000
caagc	5528	0	0.1676	0.0000
ccgga	1196	0	0.0363	0.0000
CGTGG	0	178	0.0000	0.0972
ccggc	1161	0	0.0352	0.0000
GCAGG	0	208	0.0000	0.1136
caaaa	8019	0	0.2431	0.0000
caaac	6488	0	0.1967	0.0000
ccggg	717	0	0.0217	0.0000
TATCT	0	275	0.0000	0.1502
GCAGC	0	267	0.0000	0.1458
caaag	6147	0	0.1864	0.0000
CGTGT	0	135	0.0000	0.0737
GTGAC	0	125	0.0000	0.0683
cctaa	2038	0	0.0618	0.0000
ccggt	1490	0	0.0452	0.0000
GTGAA	0	215	0.0000	0.1174
TATCG	0	226	0.0000	0.1234
GCAGT	0	194	0.0000	0.1059
caaat	5162	0	0.1565	0.0000
cctac	1288	0	0.0390	0.0000
TACAT	0	155	0.0000	0.0846
CAATG	0	191	0.0000	0.1043
TATCC	0	195	0.0000	0.1065
cctag	1451	0	0.0440	0.0000
TATCA	0	189	0.0000	0.1032
CGTGA	0	234	0.0000	0.1278
CAATC	0	181	0.0000	0.0988
CGTGC	0	220	0.0000	0.1201
CAATA	0	203	0.0000	0.1108
GATTA	0	199	0.0000	0.1087
TACAG	0	173	0.0000	0.0945
GTGAT	0	235	0.0000	0.1283
gaatg	3516	0	0.1066	0.0000
TACAC	0	118	0.0000	0.0644
AGGCT	0	177	0.0000	0.0966
ggtgg	3936	0	0.1193	0.0000
TACAA	0	119	0.0000	0.0650
CCTTG	0	155	0.0000	0.0846
CGCGA	0	156	0.0000	0.0852
GATTG	0	215	0.0000	0.1174
CGCGC	0	254	0.0000	0.1387
ggtgc	3061	0	0.0928	0.0000
CCTTC	0	233	0.0000	0.1272
gaata	3016	0	0.0914	0.0000
CAATT	0	193	0.0000	0.1054
CCTTA	0	156	0.0000	0.0852
GATTC	0	230	0.0000	0.1256
CGCGG	0	225	0.0000	0.1229
gaatc	3168	0	0.0960	0.0000
GTGAG	0	160	0.0000	0.0874
AGGCG	0	207	0.0000	0.1130
ggtga	5216	0	0.1581	0.0000
ACCGG	0	228	0.0000	0.1245
AGGCC	0	116	0.0000	0.0633
CCTTT	0	189	0.0000	0.1032
ACCGT	0	176	0.0000	0.0961
GATTT	0	276	0.0000	0.1507
caaca	5930	0	0.1798	0.0000
CGCCT	0	84	0.0000	0.0459
cccaa	3197	0	0.0969	0.0000
caacc	4138	0	0.1254	0.0000
cccac	2112	0	0.0640	0.0000
caacg	4561	0	0.1383	0.0000
cccag	2040	0	0.0618	0.0000
AGGGC	0	146	0.0000	0.0797
AGGGA	0	168	0.0000	0.0917
GACTA	0	96	0.0000	0.0524
GTGCG	0	190	0.0000	0.1037
CGCCG	0	213	0.0000	0.1163
cctca	2040	0	0.0618	0.0000
caact	4124	0	0.1250	0.0000
cctcc	826	0	0.0250	0.0000
GTGCC	0	146	0.0000	0.0797
cccat	2490	0	0.0755	0.0000
GTGCA	0	147	0.0000	0.0803
ggtct	1777	0	0.0539	0.0000
cctcg	1499	0	0.0454	0.0000
TACCT	0	214	0.0000	0.1169
GACTG	0	124	0.0000	0.0677
GACTC	0	128	0.0000	0.0699
acgaa	3206	0	0.0972	0.0000
acgac	2523	0	0.0765	0.0000
TACCG	0	187	0.0000	0.1021
GTGCT	0	221	0.0000	0.1207
cctat	1429	0	0.0433	0.0000
TACCC	0	181	0.0000	0.0988
TACCA	0	170	0.0000	0.0928
acgag	2116	0	0.0641	0.0000
GACTT	0	123	0.0000	0.0672
ggcct	1660	0	0.0503	0.0000
ggccc	989	0	0.0300	0.0000
ggcca	3675	0	0.1114	0.0000
ggccg	1887	0	0.0572	0.0000
acgat	3643	0	0.1104	0.0000
CGTCC	0	135	0.0000	0.0737
CGCAT	0	154	0.0000	0.0841
ccgca	3011	0	0.0913	0.0000
CGTCG	0	280	0.0000	0.1529
ccgcc	2967	0	0.0899	0.0000
AAAGA	0	138	0.0000	0.0754
ccgcg	2248	0	0.0682	0.0000
AAAGC	0	140	0.0000	0.0764
CGCAC	0	155	0.0000	0.0846
gcgtt	5038	0	0.1527	0.0000
CGCAG	0	154	0.0000	0.0841
ccgct	3358	0	0.1018	0.0000
ggtat	3072	0	0.0931	0.0000
TCACT	0	130	0.0000	0.0710
CGTCA	0	231	0.0000	0.1261
ACCCT	0	129	0.0000	0.0704
ggtcg	2169	0	0.0658	0.0000
ggtcc	741	0	0.0225	0.0000
TCACG	0	159	0.0000	0.0868
CGCCA	0	139	0.0000	0.0759
ggcat	3890	0	0.1179	0.0000
TCACC	0	164	0.0000	0.0895
ggtca	3201	0	0.0970	0.0000
CGCCC	0	141	0.0000	0.0770
TCACA	0	144	0.0000	0.0786
CGTCT	0	152	0.0000	0.0830
ggcag	2990	0	0.0906	0.0000
ACCCC	0	216	0.0000	0.1179
ACCCG	0	170	0.0000	0.0928
ggcaa	5079	0	0.1540	0.0000
ggcac	2726	0	0.0826	0.0000
CGTAA	0	217	0.0000	0.1185
CGGGT	0	274	0.0000	0.1496
CGTAC	0	151	0.0000	0.0825
CGTAG	0	184	0.0000	0.1005
GGAAA	0	223	0.0000	0.1218
ACCGA	0	158	0.0000	0.0863
GGAAC	0	200	0.0000	0.1092
AGGCA	0	170	0.0000	0.0928
GGAAG	0	224	0.0000	0.1223
ACCGC	0	127	0.0000	0.0693
CGGGG	0	293	0.0000	0.1600
GTGGG	0	142	0.0000	0.0775
CCGTG	0	157	0.0000	0.0857
GTGGC	0	152	0.0000	0.0830
CCGTC	0	187	0.0000	0.1021
GTGGA	0	144	0.0000	0.0786
CCGTA	0	157	0.0000	0.0857
GGAAT	0	214	0.0000	0.1169
gcgtc	2605	0	0.0790	0.0000
AGGAT	0	149	0.0000	0.0814
ACTGG	0	157	0.0000	0.0857
gcgta	2773	0	0.0841	0.0000
GTTAG	0	133	0.0000	0.0726
gcgtg	3304	0	0.1002	0.0000
ggtag	1926	0	0.0584	0.0000
GTTAC	0	159	0.0000	0.0868
ggtaa	3782	0	0.1147	0.0000
GTTAA	0	147	0.0000	0.0803
GTGGT	0	263	0.0000	0.1436
CCGTT	0	183	0.0000	0.0999
tcgaa	3209	0	0.0973	0.0000
ggtac	2034	0	0.0617	0.0000
tcgac	3005	0	0.0911	0.0000
ACTGT	0	133	0.0000	0.0726
CGCAA	0	168	0.0000	0.0917
ggggt	1446	0	0.0438	0.0000
tcgag	2660	0	0.0806	0.0000
CGTAT	0	140	0.0000	0.0764
AGGAG	0	169	0.0000	0.0923
AAAGG	0	119	0.0000	0.0650
AGGAA	0	208	0.0000	0.1136
GTTAT	0	181	0.0000	0.0988
GGACA	0	125	0.0000	0.0683
AGGAC	0	116	0.0000	0.0633
ggggc	1322	0	0.0401	0.0000
gggga	1274	0	0.0386	0.0000
ggggg	884	0	0.0268	0.0000
AAAGT	0	84	0.0000	0.0459
ACTGC	0	165	0.0000	0.0901
ACTGA	0	174	0.0000	0.0950
GGACC	0	167	0.0000	0.0912
GGACG	0	148	0.0000	0.0808
AAACA	0	195	0.0000	0.1065
GTCAG	0	204	0.0000	0.1114
ACTAT	0	126	0.0000	0.0688
GTCAC	0	126	0.0000	0.0688
GTCAA	0	179	0.0000	0.0977
GGACT	0	103	0.0000	0.0562
ACTAA	0	111	0.0000	0.0606
ACGGT	0	202	0.0000	0.1103
GTTCG	0	152	0.0000	0.0830
AAAAT	0	171	0.0000	0.0934
GTCAT	0	204	0.0000	0.1114
ACTAC	0	117	0.0000	0.0639
GTTCC	0	175	0.0000	0.0956
GTTCA	0	150	0.0000	0.0819
ACTAG	0	96	0.0000	0.0524
CGGGA	0	256	0.0000	0.1398
CGGGC	0	277	0.0000	0.1513
AAAAC	0	208	0.0000	0.1136
ACGGC	0	206	0.0000	0.1125
AAAAA	0	99	0.0000	0.0541
AAAAG	0	97	0.0000	0.0530
ACGGG	0	257	0.0000	0.1403
GTTCT	0	163	0.0000	0.0890
TAGTT	0	99	0.0000	0.0541
CGGCT	0	296	0.0000	0.1616
ccgaa	2185	0	0.0662	0.0000
ccgac	1853	0	0.0562	0.0000
ccgag	1819	0	0.0551	0.0000
CCCGG	0	201	0.0000	0.1098
ACCCA	0	173	0.0000	0.0945
CGGCA	0	276	0.0000	0.1507
ACTCT	0	162	0.0000	0.0885
CGGCC	0	167	0.0000	0.0912
TAGTG	0	126	0.0000	0.0688
GTCCG	0	131	0.0000	0.0715
CGGCG	0	365	0.0000	0.1993
TAGTC	0	99	0.0000	0.0541
TAGTA	0	148	0.0000	0.0808
GTCCC	0	105	0.0000	0.0573
TCAAT	0	217	0.0000	0.1185
ccgat	3312	0	0.1004	0.0000
GTCCA	0	106	0.0000	0.0579
gctgt	3301	0	0.1001	0.0000
CCCGT	0	157	0.0000	0.0857
AAACT	0	171	0.0000	0.0934
ACTCC	0	158	0.0000	0.0863
gggct	1913	0	0.0580	0.0000
ACTCA	0	109	0.0000	0.0595
ACTCG	0	108	0.0000	0.0590
ACCAT	0	140	0.0000	0.0764
TCAAG	0	123	0.0000	0.0672
GTCCT	0	125	0.0000	0.0683
TCAAC	0	195	0.0000	0.1065
gccgt	2864	0	0.0868	0.0000
TCAAA	0	167	0.0000	0.0912
gggcg	1937	0	0.0587	0.0000
ACCAC	0	105	0.0000	0.0573
GGAGA	0	243	0.0000	0.1327
ACCAA	0	101	0.0000	0.0551
AAACC	0	171	0.0000	0.0934
GGAGC	0	181	0.0000	0.0988
ACCAG	0	191	0.0000	0.1043
AAACG	0	238	0.0000	0.1300
gccga	3196	0	0.0969	0.0000
gccgc	3683	0	0.1117	0.0000
gggcc	1047	0	0.0317	0.0000
gggca	2301	0	0.0698	0.0000
gccgg	1154	0	0.0350	0.0000
ttgtg	3845	0	0.1166	0.0000
cgacg	2494	0	0.0756	0.0000
gtttt	7020	0	0.2128	0.0000
CCAAG	0	109	0.0000	0.0595
ttgta	2835	0	0.0859	0.0000
CCAAC	0	126	0.0000	0.0688
cgact	2253	0	0.0683	0.0000
ttgtc	3769	0	0.1143	0.0000
CCAAA	0	127	0.0000	0.0693
ctcag	2789	0	0.0846	0.0000
CAGTG	0	160	0.0000	0.0874
GGGTG	0	188	0.0000	0.1027
GTAAG	0	186	0.0000	0.1016
CAGTC	0	169	0.0000	0.0923
AATCT	0	176	0.0000	0.0961
CAGTA	0	144	0.0000	0.0786
GTAAC	0	138	0.0000	0.0754
acagg	1897	0	0.0575	0.0000
ggatt	2897	0	0.0878	0.0000
TGTGA	0	130	0.0000	0.0710
ctcaa	5089	0	0.1543	0.0000
GTAAA	0	145	0.0000	0.0792
CCAAT	0	145	0.0000	0.0792
acaga	2617	0	0.0793	0.0000
TGTGC	0	169	0.0000	0.0923
ctcac	2896	0	0.0878	0.0000
GGGTA	0	176	0.0000	0.0961
acagc	3376	0	0.1023	0.0000
GGGTC	0	172	0.0000	0.0939
cttag	2126	0	0.0645	0.0000
TGTGG	0	154	0.0000	0.0841
AATCA	0	195	0.0000	0.1065
AACAT	0	191	0.0000	0.1043
AATCC	0	155	0.0000	0.0846
CAGTT	0	187	0.0000	0.1021
GTAAT	0	240	0.0000	0.1310
acagt	2360	0	0.0715	0.0000
cttaa	2885	0	0.0875	0.0000
ctggt	3465	0	0.1050	0.0000
AATCG	0	198	0.0000	0.1081
cttac	2575	0	0.0781	0.0000
GGGTT	0	168	0.0000	0.0917
TGTGT	0	196	0.0000	0.1070
CCACA	0	149	0.0000	0.0814
AACAA	0	205	0.0000	0.1119
gttta	3751	0	0.1137	0.0000
gtttc	4046	0	0.1227	0.0000
atgag	3135	0	0.0950	0.0000
AACAC	0	129	0.0000	0.0704
cgaca	3307	0	0.1003	0.0000
atgaa	5042	0	0.1529	0.0000
gtttg	6340	0	0.1922	0.0000
atgac	3435	0	0.1041	0.0000
AACAG	0	188	0.0000	0.1027
cgacc	2231	0	0.0676	0.0000
ttgtt	6522	0	0.1977	0.0000
cttat	2504	0	0.0759	0.0000
aattg	4623	0	0.1402	0.0000
aatta	2760	0	0.0837	0.0000
aattc	3118	0	0.0945	0.0000
TCTTG	0	140	0.0000	0.0764
atgat	4682	0	0.1419	0.0000
TAATT	0	206	0.0000	0.1125
TCTTC	0	339	0.0000	0.1851
TCTTA	0	161	0.0000	0.0879
TGCCA	0	216	0.0000	0.1179
aattt	5205	0	0.1578	0.0000
TGCCC	0	152	0.0000	0.0830
TGCCG	0	244	0.0000	0.1332
GTACG	0	146	0.0000	0.0797
ctcca	2062	0	0.0625	0.0000
TAATG	0	223	0.0000	0.1218
ctccc	964	0	0.0292	0.0000
GTACC	0	163	0.0000	0.0890
GTACA	0	129	0.0000	0.0704
TAATC	0	201	0.0000	0.1098
ctccg	1165	0	0.0353	0.0000
TAATA	0	175	0.0000	0.0956
TGCCT	0	186	0.0000	0.1016
AACCT	0	171	0.0000	0.0934
cttca	5718	0	0.1733	0.0000
cttcc	2906	0	0.0881	0.0000
GTACT	0	165	0.0000	0.0901
ggatc	2191	0	0.0664	0.0000
ctcat	2977	0	0.0903	0.0000
cttcg	3299	0	0.1000	0.0000
ggatg	2794	0	0.0847	0.0000
AACCC	0	212	0.0000	0.1158
aactg	4503	0	0.1365	0.0000
AACCA	0	140	0.0000	0.0764
aacta	1921	0	0.0582	0.0000
ggata	2269	0	0.0688	0.0000
atgcg	3380	0	0.1025	0.0000
AACCG	0	193	0.0000	0.1054
aactc	3872	0	0.1174	0.0000
atgcc	3965	0	0.1202	0.0000
cttct	4727	0	0.1433	0.0000
atgca	3087	0	0.0936	0.0000
aagtt	4259	0	0.1291	0.0000
TCGTT	0	231	0.0000	0.1261
ttcgt	3270	0	0.0991	0.0000
CACGG	0	189	0.0000	0.1032
CACGC	0	153	0.0000	0.0835
TGCAA	0	161	0.0000	0.0879
TGCAC	0	111	0.0000	0.0606
TCGTG	0	216	0.0000	0.1179
TGCAG	0	253	0.0000	0.1381
acaca	2419	0	0.0733	0.0000
TCGTC	0	202	0.0000	0.1103
acacc	3373	0	0.1023	0.0000
TCGTA	0	184	0.0000	0.1005
ttcgg	2213	0	0.0671	0.0000
CACGT	0	127	0.0000	0.0693
TGTCA	0	126	0.0000	0.0688
TGTCC	0	131	0.0000	0.0715
TGCAT	0	177	0.0000	0.0966
TGTCG	0	139	0.0000	0.0759
cactt	4952	0	0.1501	0.0000
acacg	2168	0	0.0657	0.0000
ctgct	4102	0	0.1244	0.0000
TGTCT	0	169	0.0000	0.0923
acact	2397	0	0.0727	0.0000
cgaag	3192	0	0.0968	0.0000
GTAGA	0	161	0.0000	0.0879
TGGGA	0	138	0.0000	0.0754
TGGGC	0	185	0.0000	0.1010
cgaat	2913	0	0.0883	0.0000
TGGGG	0	193	0.0000	0.1054
AATAT	0	219	0.0000	0.1196
CATGG	0	197	0.0000	0.1076
ctgga	2417	0	0.0733	0.0000
ctggc	4036	0	0.1224	0.0000
GTAGG	0	112	0.0000	0.0612
CATGC	0	206	0.0000	0.1125
CATGA	0	216	0.0000	0.1179
ctggg	2026	0	0.0614	0.0000
GTAGC	0	155	0.0000	0.0846
TGTAA	0	143	0.0000	0.0781
TGGGT	0	140	0.0000	0.0764
TGTAC	0	169	0.0000	0.0923
AATAC	0	234	0.0000	0.1278
gtgta	1860	0	0.0564	0.0000
TGTAG	0	94	0.0000	0.0513
AATAA	0	211	0.0000	0.1152
AAGGT	0	83	0.0000	0.0453
gtgtc	1990	0	0.0603	0.0000
AATAG	0	151	0.0000	0.0825
GGTTC	0	173	0.0000	0.0945
GGTTA	0	145	0.0000	0.0792
gtgtg	2640	0	0.0800	0.0000
GGTTG	0	181	0.0000	0.0988
CATGT	0	139	0.0000	0.0759
GTAGT	0	150	0.0000	0.0819
CACGA	0	145	0.0000	0.0792
AAGGC	0	119	0.0000	0.0650
AAGGA	0	149	0.0000	0.0814
TGTAT	0	179	0.0000	0.0977
AAGGG	0	149	0.0000	0.0814
gtgtt	3793	0	0.1150	0.0000
cgaac	2522	0	0.0765	0.0000
cgaaa	3941	0	0.1195	0.0000
GGTTT	0	208	0.0000	0.1136
ccagg	1052	0	0.0319	0.0000
CACCG	0	136	0.0000	0.0743
ttcta	2887	0	0.0875	0.0000
ttctc	3707	0	0.1124	0.0000
CACCC	0	125	0.0000	0.0683
CACCA	0	111	0.0000	0.0606
ttctg	4162	0	0.1262	0.0000
ccagt	3524	0	0.1068	0.0000
ctgac	2906	0	0.0881	0.0000
ctgag	2954	0	0.0896	0.0000
CACCT	0	127	0.0000	0.0693
TTACA	0	186	0.0000	0.1016
GGCTA	0	148	0.0000	0.0808
GGCTC	0	175	0.0000	0.0956
ctgaa	4006	0	0.1214	0.0000
GGCTG	0	355	0.0000	0.1938
TTACG	0	218	0.0000	0.1190
TTACC	0	240	0.0000	0.1310
AAGAT	0	190	0.0000	0.1037
GGCTT	0	282	0.0000	0.1540
TTACT	0	207	0.0000	0.1130
AAGAA	0	199	0.0000	0.1087
ccaga	3148	0	0.0954	0.0000
ttctt	6211	0	0.1883	0.0000
AAGAC	0	87	0.0000	0.0475
ccagc	4045	0	0.1226	0.0000
AAGAG	0	165	0.0000	0.0901
CACAG	0	140	0.0000	0.0764
CACAC	0	165	0.0000	0.0901
CACAA	0	158	0.0000	0.0863
cacta	2321	0	0.0704	0.0000
ctgcg	3448	0	0.1045	0.0000
cactc	2482	0	0.0752	0.0000
CATCG	0	203	0.0000	0.1108
CACAT	0	163	0.0000	0.0890
cactg	3991	0	0.1210	0.0000
CATCC	0	152	0.0000	0.0830
acaaa	5835	0	0.1769	0.0000
CATCA	0	211	0.0000	0.1152
ctgca	3592	0	0.1089	0.0000
ctgcc	3045	0	0.0923	0.0000
acaag	3535	0	0.1072	0.0000
ctgat	4065	0	0.1232	0.0000
TGGTA	0	280	0.0000	0.1529
TTAAG	0	176	0.0000	0.0961
gtcgt	2494	0	0.0756	0.0000
TGGTC	0	190	0.0000	0.1037
catta	3414	0	0.1035	0.0000
acaac	3992	0	0.1210	0.0000
cattc	3316	0	0.1005	0.0000
TTAAC	0	190	0.0000	0.1037
TGGTG	0	286	0.0000	0.1562
TTAAA	0	214	0.0000	0.1169
cattg	5445	0	0.1651	0.0000
CATCT	0	171	0.0000	0.0934
AAGCT	0	225	0.0000	0.1229
aagta	2974	0	0.0902	0.0000
aagtc	2709	0	0.0821	0.0000
TTAAT	0	227	0.0000	0.1240
TGGTT	0	232	0.0000	0.1267
AAGCC	0	167	0.0000	0.0912
cattt	5120	0	0.1552	0.0000
acaat	3368	0	0.1021	0.0000
AAGCA	0	210	0.0000	0.1147
AAGCG	0	222	0.0000	0.1212
aagtg	4761	0	0.1443	0.0000
ccacc	3998	0	0.1212	0.0000
ccacg	2735	0	0.0829	0.0000
CAGGG	0	166	0.0000	0.0906
TCCTT	0	195	0.0000	0.1065
CAGGC	0	229	0.0000	0.1250
CAGGA	0	189	0.0000	0.1032
gtcga	3035	0	0.0920	0.0000
CATAG	0	127	0.0000	0.0693
ccact	3892	0	0.1180	0.0000
gtcgc	2832	0	0.0859	0.0000
CATAC	0	130	0.0000	0.0710
gtcgg	1880	0	0.0570	0.0000
TCCTG	0	251	0.0000	0.1371
CATAA	0	152	0.0000	0.0830
CAGGT	0	119	0.0000	0.0650
gcatt	4345	0	0.1317	0.0000
TCCTC	0	129	0.0000	0.0704
TCCTA	0	108	0.0000	0.0590
gttga	5443	0	0.1650	0.0000
gttgc	4450	0	0.1349	0.0000
gttgg	4854	0	0.1472	0.0000
CATAT	0	132	0.0000	0.0721
tgata	3772	0	0.1144	0.0000
cagtt	4487	0	0.1360	0.0000
aatga	4855	0	0.1472	0.0000
tgatc	4940	0	0.1498	0.0000
aatgg	5001	0	0.1516	0.0000
aatgc	4634	0	0.1405	0.0000
gttgt	4057	0	0.1230	0.0000
TCTTT	0	249	0.0000	0.1360
ccaca	3283	0	0.0995	0.0000
ggaga	1788	0	0.0542	0.0000
aatgt	3320	0	0.1006	0.0000
ggagc	1598	0	0.0484	0.0000
TGCGA	0	184	0.0000	0.1005
TGCGC	0	179	0.0000	0.0977
TGCGG	0	296	0.0000	0.1616
tgatg	6932	0	0.2102	0.0000
aacga	3587	0	0.1087	0.0000
aacgc	5217	0	0.1582	0.0000
tgatt	5941	0	0.1801	0.0000
TGCGT	0	252	0.0000	0.1376
gcatg	3201	0	0.0970	0.0000
gtcct	1007	0	0.0305	0.0000
aacgg	3112	0	0.0943	0.0000
gcata	2067	0	0.0627	0.0000
ttttt	9191	0	0.2786	0.0000
gcatc	4234	0	0.1284	0.0000
aacgt	3600	0	0.1091	0.0000
ggagt	1315	0	0.0399	0.0000
tttta	5240	0	0.1589	0.0000
ttttc	6725	0	0.2039	0.0000
ggagg	780	0	0.0236	0.0000
ttttg	7821	0	0.2371	0.0000
ttgct	6721	0	0.2038	0.0000
CAGCG	0	326	0.0000	0.1780
tactt	3075	0	0.0932	0.0000
CAGCC	0	207	0.0000	0.1130
cgata	3891	0	0.1180	0.0000
CAGCA	0	236	0.0000	0.1289
cgatc	3510	0	0.1064	0.0000
cgatg	5131	0	0.1556	0.0000
tacta	1400	0	0.0424	0.0000
ttgcg	4521	0	0.1371	0.0000
CAGCT	0	299	0.0000	0.1633
tactc	2210	0	0.0670	0.0000
tactg	2815	0	0.0853	0.0000
ttgca	4636	0	0.1405	0.0000
cgatt	4814	0	0.1459	0.0000
ttgcc	5239	0	0.1588	0.0000
TGTTT	0	231	0.0000	0.1261
CAGAG	0	200	0.0000	0.1092
CAGAC	0	139	0.0000	0.0759
CAGAA	0	194	0.0000	0.1059
ctttt	5841	0	0.1771	0.0000
CAGAT	0	197	0.0000	0.1076
ctcta	2214	0	0.0671	0.0000
TGCTA	0	138	0.0000	0.0754
TGCTC	0	214	0.0000	0.1169
tgaac	4329	0	0.1312	0.0000
TGCTG	0	388	0.0000	0.2119
tgaag	5527	0	0.1676	0.0000
GTATG	0	172	0.0000	0.0939
GTATC	0	234	0.0000	0.1278
GTATA	0	117	0.0000	0.0639
TGCTT	0	259	0.0000	0.1414
cttta	4582	0	0.1389	0.0000
ctttc	4676	0	0.1418	0.0000
GTATT	0	182	0.0000	0.0994
tgaaa	6156	0	0.1866	0.0000
ctttg	6331	0	0.1919	0.0000
atcct	1931	0	0.0585	0.0000
agagc	3712	0	0.1125	0.0000
agaga	3538	0	0.1073	0.0000
TTAGC	0	153	0.0000	0.0835
agagg	1940	0	0.0588	0.0000
TTAGA	0	127	0.0000	0.0693
ctgtg	2234	0	0.0677	0.0000
tcagg	2494	0	0.0756	0.0000
TTAGG	0	118	0.0000	0.0644
TTAGT	0	109	0.0000	0.0595
acata	1773	0	0.0538	0.0000
ctgta	1835	0	0.0556	0.0000
acatc	3902	0	0.1183	0.0000
ctgtc	2014	0	0.0611	0.0000
tcagt	3514	0	0.1065	0.0000
agagt	2677	0	0.0812	0.0000
TGTTA	0	161	0.0000	0.0879
attgc	4961	0	0.1504	0.0000
TGTTC	0	168	0.0000	0.0917
TGTTG	0	199	0.0000	0.1087
attga	6021	0	0.1825	0.0000
acatg	2451	0	0.0743	0.0000
acatt	3472	0	0.1053	0.0000
tcaga	2836	0	0.0860	0.0000
ctgtt	3958	0	0.1200	0.0000
tcagc	4621	0	0.1401	0.0000
ttgat	7654	0	0.2320	0.0000
attgt	3351	0	0.1016	0.0000
tatta	2194	0	0.0665	0.0000
tattc	3073	0	0.0932	0.0000
tattg	4483	0	0.1359	0.0000
attgg	5192	0	0.1574	0.0000
ttgac	3570	0	0.1082	0.0000
ttgag	5103	0	0.1547	0.0000
ATATT	0	226	0.0000	0.1234
ATATG	0	164	0.0000	0.0895
ttgaa	6778	0	0.2055	0.0000
ATATA	0	156	0.0000	0.0852
atcgc	5285	0	0.1602	0.0000
ATATC	0	208	0.0000	0.1136
atcga	4801	0	0.1455	0.0000
atcgt	3706	0	0.1124	0.0000
tattt	4428	0	0.1342	0.0000
atcgg	3195	0	0.0969	0.0000
attag	1966	0	0.0596	0.0000
ttcct	2565	0	0.0778	0.0000
attaa	3714	0	0.1126	0.0000
atggt	4470	0	0.1355	0.0000
attac	3112	0	0.0943	0.0000
agacg	2147	0	0.0651	0.0000
ttcca	4126	0	0.1251	0.0000
attat	2584	0	0.0783	0.0000
ttccc	1813	0	0.0550	0.0000
agacc	1906	0	0.0578	0.0000
agaca	2622	0	0.0795	0.0000
ttccg	2347	0	0.0712	0.0000
TTATA	0	166	0.0000	0.0906
tgagt	4018	0	0.1218	0.0000
agact	1568	0	0.0475	0.0000
tcata	2242	0	0.0680	0.0000
attca	4105	0	0.1244	0.0000
TTATG	0	196	0.0000	0.1070
TTATC	0	287	0.0000	0.1567
tgagc	4886	0	0.1481	0.0000
tgaga	2982	0	0.0904	0.0000
atcag	3898	0	0.1182	0.0000
tgagg	2235	0	0.0678	0.0000
atcaa	7490	0	0.2271	0.0000
atcac	5021	0	0.1522	0.0000
tcatt	4547	0	0.1378	0.0000
attcg	2957	0	0.0896	0.0000
tttgc	6878	0	0.2085	0.0000
attcc	2375	0	0.0720	0.0000
tttgg	6118	0	0.1855	0.0000
atcat	4557	0	0.1381	0.0000
tcatc	5721	0	0.1734	0.0000
tcatg	3234	0	0.0980	0.0000
tttga	7004	0	0.2123	0.0000
attct	3104	0	0.0941	0.0000
atcca	3923	0	0.1189	0.0000
ttcga	3329	0	0.1009	0.0000
ttcgc	3978	0	0.1206	0.0000
tttgt	5909	0	0.1791	0.0000
atccg	2124	0	0.0644	0.0000
atccc	2075	0	0.0629	0.0000
tttag	3268	0	0.0991	0.0000
aactt	4369	0	0.1325	0.0000
atgct	3534	0	0.1071	0.0000
GAGAC	0	119	0.0000	0.0650
CTATC	0	156	0.0000	0.0852
cgagt	2468	0	0.0748	0.0000
GAGAA	0	301	0.0000	0.1644
CTATA	0	94	0.0000	0.0513
ttggt	6885	0	0.2087	0.0000
tttaa	4703	0	0.1426	0.0000
tttac	4435	0	0.1345	0.0000
ccata	2595	0	0.0787	0.0000
ccatc	4408	0	0.1336	0.0000
tgaat	4491	0	0.1361	0.0000
cttga	4654	0	0.1411	0.0000
GAGAG	0	401	0.0000	0.2190
ccatg	3312	0	0.1004	0.0000
cttgc	4814	0	0.1459	0.0000
ttgga	3679	0	0.1115	0.0000
ttggc	7088	0	0.2149	0.0000
ttggg	3148	0	0.0954	0.0000
tgacg	3815	0	0.1157	0.0000
AGCTG	0	284	0.0000	0.1551
GAGAT	0	212	0.0000	0.1158
CTATT	0	140	0.0000	0.0764
AGCTT	0	260	0.0000	0.1420
ctcct	1230	0	0.0373	0.0000
tgact	2889	0	0.0876	0.0000
cgaga	2500	0	0.0758	0.0000
CTATG	0	128	0.0000	0.0699
AGCTC	0	224	0.0000	0.1223
cgagc	2997	0	0.0909	0.0000
tgacc	3233	0	0.0980	0.0000
tttat	4719	0	0.1431	0.0000
cgagg	1456	0	0.0441	0.0000
tgaca	3114	0	0.0944	0.0000
AGCTA	0	173	0.0000	0.0945
tttcg	3954	0	0.1199	0.0000
ctcga	2641	0	0.0801	0.0000
ctcgc	2881	0	0.0873	0.0000
GAGCC	0	146	0.0000	0.0797
tttca	6405	0	0.1942	0.0000
GAGCA	0	221	0.0000	0.1207
tttcc	3656	0	0.1108	0.0000
ttcat	5016	0	0.1521	0.0000
ttcag	4002	0	0.1213	0.0000
ctcgt	2186	0	0.0663	0.0000
GAGCG	0	232	0.0000	0.1267
GAGCT	0	219	0.0000	0.1196
agaac	3048	0	0.0924	0.0000
ttcaa	6678	0	0.2024	0.0000
ctcgg	1829	0	0.0554	0.0000
agaaa	6176	0	0.1872	0.0000
ttcac	4733	0	0.1435	0.0000
ccatt	4902	0	0.1486	0.0000
gtcta	1545	0	0.0468	0.0000
atgga	3041	0	0.0922	0.0000
gtctc	1638	0	0.0497	0.0000
agaag	4447	0	0.1348	0.0000
gtctg	2116	0	0.0641	0.0000
agaat	3065	0	0.0929	0.0000
cttgg	4640	0	0.1407	0.0000
gtctt	2925	0	0.0887	0.0000
cttgt	3679	0	0.1115	0.0000
atggg	2355	0	0.0714	0.0000
tttct	6260	0	0.1898	0.0000
atggc	5275	0	0.1599	0.0000
atatt	3514	0	0.1065	0.0000
CTCTA	0	116	0.0000	0.0633
cagaa	4159	0	0.1261	0.0000
cagac	2224	0	0.0674	0.0000
atatg	2057	0	0.0624	0.0000
cagag	2913	0	0.0883	0.0000
CTTTT	0	176	0.0000	0.0961
tacct	2552	0	0.0774	0.0000
cagat	3184	0	0.0965	0.0000
gcaat	5000	0	0.1516	0.0000
gagta	2267	0	0.0687	0.0000
gagtc	1761	0	0.0534	0.0000
CTCTT	0	186	0.0000	0.1016
gcaag	4671	0	0.1416	0.0000
CTCTG	0	153	0.0000	0.0835
CTCTC	0	223	0.0000	0.1218
gcaaa	6643	0	0.2014	0.0000
gcaac	4386	0	0.1330	0.0000
CGATG	0	171	0.0000	0.0934
GCGAA	0	235	0.0000	0.1283
tatgt	1729	0	0.0524	0.0000
GCGAC	0	128	0.0000	0.0699
cagca	5869	0	0.1779	0.0000
cagcc	2888	0	0.0876	0.0000
CGATT	0	211	0.0000	0.1152
cagcg	4218	0	0.1279	0.0000
ATGTT	0	169	0.0000	0.0923
tatga	2220	0	0.0673	0.0000
tatgc	2078	0	0.0630	0.0000
GCGAT	0	204	0.0000	0.1114
tatgg	2496	0	0.0757	0.0000
ATGTC	0	143	0.0000	0.0781
GCGAG	0	230	0.0000	0.1256
cagct	3442	0	0.1043	0.0000
ATGTA	0	134	0.0000	0.0732
CGATA	0	159	0.0000	0.0868
ATGTG	0	131	0.0000	0.0715
CGATC	0	141	0.0000	0.0770
tacga	2210	0	0.0670	0.0000
CTTTG	0	253	0.0000	0.1381
tacgc	2784	0	0.0844	0.0000
CTTTC	0	206	0.0000	0.1125
tacgg	1797	0	0.0545	0.0000
CTTTA	0	258	0.0000	0.1409
GCGCA	0	212	0.0000	0.1158
GCGCC	0	135	0.0000	0.0737
GCGCG	0	329	0.0000	0.1796
tatat	1404	0	0.0426	0.0000
GCGCT	0	214	0.0000	0.1169
ATTGT	0	172	0.0000	0.0939
tataa	1645	0	0.0499	0.0000
taggt	1943	0	0.0589	0.0000
tatac	1149	0	0.0348	0.0000
ATTGG	0	163	0.0000	0.0890
tatag	1190	0	0.0361	0.0000
gatgt	4042	0	0.1225	0.0000
ATTGA	0	169	0.0000	0.0923
ACATG	0	176	0.0000	0.0961
tacaa	2818	0	0.0854	0.0000
ATTGC	0	168	0.0000	0.0917
tacac	1843	0	0.0559	0.0000
tacag	1815	0	0.0550	0.0000
ACATT	0	181	0.0000	0.0988
gacgt	2134	0	0.0647	0.0000
gacgg	2029	0	0.0615	0.0000
gacga	2951	0	0.0895	0.0000
gacgc	2559	0	0.0776	0.0000
AGAGT	0	133	0.0000	0.0726
ACATC	0	164	0.0000	0.0895
ACATA	0	123	0.0000	0.0672
tatct	2883	0	0.0874	0.0000
tatca	3528	0	0.1070	0.0000
tatcc	2201	0	0.0667	0.0000
tacat	2083	0	0.0631	0.0000
tatcg	3794	0	0.1150	0.0000
gatgg	4491	0	0.1361	0.0000
tacca	3725	0	0.1129	0.0000
taccc	1932	0	0.0586	0.0000
ATCGT	0	218	0.0000	0.1190
taccg	2938	0	0.0891	0.0000
ATCGG	0	232	0.0000	0.1267
gatga	5715	0	0.1733	0.0000
gatgc	4221	0	0.1280	0.0000
atatc	3364	0	0.1020	0.0000
ATCGA	0	151	0.0000	0.0825
atata	1385	0	0.0420	0.0000
ATCGC	0	183	0.0000	0.0999
GAAAA	0	193	0.0000	0.1054
GCGGG	0	323	0.0000	0.1764
ATTCT	0	237	0.0000	0.1294
tagtt	1982	0	0.0601	0.0000
GAAAG	0	181	0.0000	0.0988
GCGGA	0	204	0.0000	0.1114
GAAAC	0	185	0.0000	0.1010
GCGGC	0	380	0.0000	0.2075
GCTAA	0	148	0.0000	0.0808
GCGGT	0	267	0.0000	0.1458
gatct	3331	0	0.1010	0.0000
GCTAC	0	132	0.0000	0.0721
tcaat	6108	0	0.1852	0.0000
GCTAG	0	180	0.0000	0.0983
tagta	1428	0	0.0433	0.0000
ATCAT	0	218	0.0000	0.1190
tagtc	1292	0	0.0392	0.0000
ATTCC	0	206	0.0000	0.1125
tagtg	2226	0	0.0675	0.0000
GAAAT	0	230	0.0000	0.1256
ATTCG	0	241	0.0000	0.1316
tcaca	2839	0	0.0861	0.0000
CTGTT	0	216	0.0000	0.1179
gacct	1744	0	0.0529	0.0000
tcacc	5220	0	0.1582	0.0000
GCTAT	0	136	0.0000	0.0743
ATTCA	0	281	0.0000	0.1534
tcacg	3348	0	0.1015	0.0000
ATCAC	0	162	0.0000	0.0885
ctatg	1673	0	0.0507	0.0000
ATCAA	0	162	0.0000	0.0885
ATCAG	0	200	0.0000	0.1092
gaccc	1091	0	0.0331	0.0000
CTGTC	0	136	0.0000	0.0743
gaccg	1749	0	0.0530	0.0000
CTGTA	0	155	0.0000	0.0846
ctatt	2613	0	0.0792	0.0000
AGACT	0	97	0.0000	0.0530
gacca	3508	0	0.1063	0.0000
CTGTG	0	149	0.0000	0.0814
AGAGA	0	390	0.0000	0.2130
GCCAA	0	141	0.0000	0.0770
GAACC	0	238	0.0000	0.1300
AGAGC	0	198	0.0000	0.1081
GAACA	0	193	0.0000	0.1054
GCCAG	0	221	0.0000	0.1207
GAACG	0	220	0.0000	0.1201
AGAGG	0	208	0.0000	0.1136
GCCAC	0	168	0.0000	0.0917
GCTCC	0	141	0.0000	0.0770
tcact	4208	0	0.1276	0.0000
gatat	3369	0	0.1021	0.0000
GCTCG	0	214	0.0000	0.1169
TCGAT	0	136	0.0000	0.0743
gatag	2508	0	0.0760	0.0000
ATCCT	0	161	0.0000	0.0879
GCCAT	0	152	0.0000	0.0830
GCTCA	0	216	0.0000	0.1179
GAACT	0	183	0.0000	0.0999
gatca	4869	0	0.1476	0.0000
GCTCT	0	209	0.0000	0.1141
TCGAG	0	150	0.0000	0.0819
gatcc	2195	0	0.0665	0.0000
gacat	2859	0	0.0867	0.0000
TCGAC	0	150	0.0000	0.0819
gatcg	3609	0	0.1094	0.0000
TCGAA	0	151	0.0000	0.0825
ATCCC	0	168	0.0000	0.0917
ATCCG	0	146	0.0000	0.0797
gacaa	3723	0	0.1129	0.0000
gacac	1953	0	0.0592	0.0000
ATCCA	0	148	0.0000	0.0808
gacag	1984	0	0.0601	0.0000
GCCCC	0	142	0.0000	0.0775
GCCCA	0	129	0.0000	0.0704
CTCGG	0	174	0.0000	0.0950
agttg	4166	0	0.1263	0.0000
AGAAC	0	201	0.0000	0.1098
CTCGT	0	145	0.0000	0.0792
agttt	4748	0	0.1439	0.0000
GCCCG	0	148	0.0000	0.0808
AGAAA	0	208	0.0000	0.1136
tacgt	2241	0	0.0679	0.0000
CTCGC	0	138	0.0000	0.0754
CTCGA	0	117	0.0000	0.0639
GCCCT	0	119	0.0000	0.0650
gataa	4225	0	0.1281	0.0000
gaggt	1859	0	0.0564	0.0000
gatac	2718	0	0.0824	0.0000
agctc	3338	0	0.1012	0.0000
agcta	2321	0	0.0704	0.0000
gaggc	1889	0	0.0573	0.0000
gaggg	1137	0	0.0345	0.0000
agctg	3358	0	0.1018	0.0000
agctt	4368	0	0.1324	0.0000
gagga	1549	0	0.0470	0.0000
GGGAC	0	155	0.0000	0.0846
GAAGG	0	138	0.0000	0.0754
CCATA	0	136	0.0000	0.0743
GGGAG	0	190	0.0000	0.1037
GAAGC	0	284	0.0000	0.1551
GAAGA	0	243	0.0000	0.1327
CTTGC	0	160	0.0000	0.0874
AGACG	0	145	0.0000	0.0792
CTTGA	0	175	0.0000	0.0956
AGACA	0	126	0.0000	0.0688
AGACC	0	99	0.0000	0.0541
GGGAA	0	244	0.0000	0.1332
ATTAT	0	206	0.0000	0.1125
GCTGG	0	317	0.0000	0.1731
GGGAT	0	190	0.0000	0.1037
GAAGT	0	121	0.0000	0.0661
ctata	1116	0	0.0338	0.0000
ctatc	2416	0	0.0732	0.0000
ATTAC	0	215	0.0000	0.1174
GCTGA	0	346	0.0000	0.1889
ATTAA	0	221	0.0000	0.1207
ATGGT	0	234	0.0000	0.1278
CCATG	0	137	0.0000	0.0748
CGAGT	0	118	0.0000	0.0644
GCTGC	0	392	0.0000	0.2140
ATTAG	0	113	0.0000	0.0617
CCATC	0	151	0.0000	0.0825
tcaaa	6803	0	0.2062	0.0000
tcaac	5245	0	0.1590	0.0000
CTTGT	0	122	0.0000	0.0666
tcaag	4578	0	0.1388	0.0000
ATGGC	0	234	0.0000	0.1278
GCTGT	0	213	0.0000	0.1163
CCATT	0	180	0.0000	0.0983
ATGGG	0	193	0.0000	0.1054
AGAAG	0	185	0.0000	0.1010
CTTGG	0	128	0.0000	0.0699
ATGGA	0	179	0.0000	0.0977
AGAAT	0	242	0.0000	0.1321
GCCGG	0	250	0.0000	0.1365
CTCCG	0	132	0.0000	0.0721
GGGCG	0	289	0.0000	0.1578
aatat	3538	0	0.1073	0.0000
GCCGC	0	197	0.0000	0.1076
CTCCC	0	156	0.0000	0.0852
AATTT	0	241	0.0000	0.1316
GCCGA	0	205	0.0000	0.1119
CTCCA	0	149	0.0000	0.0814
TCTAT	0	142	0.0000	0.0775
GGGCA	0	202	0.0000	0.1103
GGGCC	0	165	0.0000	0.0901
AATTC	0	241	0.0000	0.1316
GGGCT	0	244	0.0000	0.1332
AATTA	0	212	0.0000	0.1158
GCCGT	0	206	0.0000	0.1125
TCTAG	0	109	0.0000	0.0595
gtcca	1785	0	0.0541	0.0000
AATTG	0	157	0.0000	0.0857
gtccc	707	0	0.0214	0.0000
TCTAC	0	144	0.0000	0.0786
TAAAT	0	172	0.0000	0.0939
TCTAA	0	109	0.0000	0.0595
TCGGT	0	216	0.0000	0.1179
gtccg	948	0	0.0287	0.0000
ATGAT	0	299	0.0000	0.1633
aacac	3996	0	0.1211	0.0000
ATGAG	0	181	0.0000	0.0988
gttca	4198	0	0.1273	0.0000
TAAAG	0	91	0.0000	0.0497
gttcc	1893	0	0.0574	0.0000
CGAGA	0	207	0.0000	0.1130
aacaa	6322	0	0.1917	0.0000
TCGGG	0	261	0.0000	0.1425
gtcat	3239	0	0.0982	0.0000
TAAAC	0	207	0.0000	0.1130
CGAGC	0	219	0.0000	0.1196
gttcg	2542	0	0.0771	0.0000
TAAAA	0	142	0.0000	0.0775
TCGGC	0	279	0.0000	0.1523
CGAGG	0	166	0.0000	0.0906
aacag	4143	0	0.1256	0.0000
ATGAC	0	170	0.0000	0.0928
TCGGA	0	160	0.0000	0.0874
ATGAA	0	218	0.0000	0.1190
aatcc	2878	0	0.0872	0.0000
aacat	3956	0	0.1199	0.0000
CTCCT	0	156	0.0000	0.0852
aatca	5608	0	0.1700	0.0000
gttct	2854	0	0.0865	0.0000
aatcg	4533	0	0.1374	0.0000
ACAGT	0	118	0.0000	0.0644
ccaaa	6510	0	0.1974	0.0000
aatct	3106	0	0.0942	0.0000
ccaac	5113	0	0.1550	0.0000
CTCAC	0	112	0.0000	0.0612
ggaca	1448	0	0.0439	0.0000
CTCAA	0	131	0.0000	0.0715
ccaag	4782	0	0.1450	0.0000
TCTCT	0	192	0.0000	0.1048
CTCAG	0	139	0.0000	0.0759
CGACG	0	127	0.0000	0.0693
AACTT	0	166	0.0000	0.0906
ccaat	5212	0	0.1580	0.0000
cagta	2770	0	0.0840	0.0000
TCTCG	0	145	0.0000	0.0792
gtcaa	3510	0	0.1064	0.0000
cagtc	1619	0	0.0491	0.0000
TCCAT	0	159	0.0000	0.0868
gtcac	2970	0	0.0900	0.0000
TCTCC	0	187	0.0000	0.1021
TAACT	0	156	0.0000	0.0852
cagtg	3869	0	0.1173	0.0000
TCTCA	0	131	0.0000	0.0715
gtcag	2758	0	0.0836	0.0000
ATGCT	0	258	0.0000	0.1409
CGACT	0	122	0.0000	0.0666
AACTC	0	135	0.0000	0.0737
AACTA	0	118	0.0000	0.0644
aaccg	3456	0	0.1048	0.0000
ATGCG	0	256	0.0000	0.1398
CTTCT	0	280	0.0000	0.1529
AACTG	0	207	0.0000	0.1130
aacca	5935	0	0.1799	0.0000
TCCAG	0	221	0.0000	0.1207
gttaa	3586	0	0.1087	0.0000
gtggt	4624	0	0.1402	0.0000
TAACG	0	173	0.0000	0.0945
aaccc	2659	0	0.0806	0.0000
gttac	2699	0	0.0818	0.0000
ggact	973	0	0.0295	0.0000
ATGCA	0	192	0.0000	0.1048
TCCAC	0	90	0.0000	0.0491
TAACC	0	177	0.0000	0.0966
TCCAA	0	116	0.0000	0.0633
gttag	2170	0	0.0658	0.0000
TAACA	0	154	0.0000	0.0841
ATGCC	0	226	0.0000	0.1234
aacct	3193	0	0.0968	0.0000
CTTCG	0	302	0.0000	0.1649
CTCAT	0	198	0.0000	0.1081
CTTCC	0	206	0.0000	0.1125
CTTCA	0	296	0.0000	0.1616
ggacc	728	0	0.0221	0.0000
gttat	2965	0	0.0899	0.0000
ggacg	1226	0	0.0372	0.0000
CTGGG	0	187	0.0000	0.1021
CGAAT	0	196	0.0000	0.1070
CTGGC	0	224	0.0000	0.1223
CTGGA	0	212	0.0000	0.1158
ttatc	4068	0	0.1233	0.0000
GGGGA	0	217	0.0000	0.1185
GGGGC	0	292	0.0000	0.1594
ttatg	2741	0	0.0831	0.0000
GGGGG	0	240	0.0000	0.1310
catga	3525	0	0.1069	0.0000
GGTAG	0	173	0.0000	0.0945
GCGTA	0	220	0.0000	0.1201
catgc	3055	0	0.0926	0.0000
GCGTC	0	257	0.0000	0.1403
CGAAG	0	199	0.0000	0.1087
gtgga	2769	0	0.0839	0.0000
ttata	1711	0	0.0519	0.0000
catgg	3195	0	0.0969	0.0000
TCGCT	0	202	0.0000	0.1103
GCGTG	0	246	0.0000	0.1343
gtggc	4011	0	0.1216	0.0000
gtggg	1925	0	0.0584	0.0000
GGTAC	0	154	0.0000	0.0841
GGGGT	0	163	0.0000	0.0890
GGTAA	0	208	0.0000	0.1136
CTTAT	0	210	0.0000	0.1147
ACACT	0	101	0.0000	0.0551
GCGTT	0	257	0.0000	0.1403
TCGCG	0	182	0.0000	0.0994
TCGCC	0	165	0.0000	0.0901
TCGCA	0	138	0.0000	0.0754
CGACA	0	112	0.0000	0.0612
CGACC	0	158	0.0000	0.0863
GGTAT	0	240	0.0000	0.1310
ggaat	2464	0	0.0747	0.0000
ACACG	0	139	0.0000	0.0759
CTTAC	0	168	0.0000	0.0917
CTTAA	0	172	0.0000	0.0939
CTGGT	0	253	0.0000	0.1381
ggaac	1855	0	0.0562	0.0000
ttatt	4253	0	0.1289	0.0000
ggaaa	3589	0	0.1088	0.0000
ggaag	2937	0	0.0890	0.0000
CTTAG	0	136	0.0000	0.0743
GGCAG	0	249	0.0000	0.1360
cacgc	3370	0	0.1022	0.0000
cacgg	2236	0	0.0678	0.0000
ACAGC	0	215	0.0000	0.1174
GGCAA	0	215	0.0000	0.1174
ACAGA	0	158	0.0000	0.0863
GGCAC	0	148	0.0000	0.0808
ACAGG	0	159	0.0000	0.0868
gactt	2972	0	0.0901	0.0000
cacgt	2383	0	0.0722	0.0000
GGTCG	0	234	0.0000	0.1278
GGTCA	0	213	0.0000	0.1163
GGTCC	0	109	0.0000	0.0595
GGCAT	0	208	0.0000	0.1136
catgt	2452	0	0.0743	0.0000
aaggg	2329	0	0.0706	0.0000
aagga	2175	0	0.0659	0.0000
aaggc	3898	0	0.1182	0.0000
gtgct	3499	0	0.1061	0.0000
CGAAA	0	154	0.0000	0.0841
CGAAC	0	193	0.0000	0.1054
GGTCT	0	152	0.0000	0.0830
aataa	4337	0	0.1315	0.0000
aaggt	3967	0	0.1203	0.0000
aatac	3937	0	0.1194	0.0000
aatag	2568	0	0.0779	0.0000
cacga	2701	0	0.0819	0.0000
CTGCC	0	245	0.0000	0.1338
gattt	5928	0	0.1797	0.0000
CTGCA	0	224	0.0000	0.1223
cacaa	3888	0	0.1179	0.0000
cacac	2570	0	0.0779	0.0000
GGCCA	0	149	0.0000	0.0814
GGCCC	0	119	0.0000	0.0650
cacag	2311	0	0.0701	0.0000
ACAAA	0	133	0.0000	0.0726
CTGCG	0	283	0.0000	0.1545
GGCCG	0	169	0.0000	0.0923
gattc	3060	0	0.0928	0.0000
catca	6987	0	0.2118	0.0000
gattg	4986	0	0.1512	0.0000
catcc	2781	0	0.0843	0.0000
CACTG	0	115	0.0000	0.0628
cacat	2739	0	0.0830	0.0000
gtgca	2923	0	0.0886	0.0000
catcg	5070	0	0.1537	0.0000
CACTC	0	130	0.0000	0.0710
tagct	2297	0	0.0696	0.0000
gtgcc	2552	0	0.0774	0.0000
CACTA	0	103	0.0000	0.0562
GGCCT	0	119	0.0000	0.0650
gatta	3016	0	0.0914	0.0000
TCCGT	0	145	0.0000	0.0792
gtgcg	2780	0	0.0843	0.0000
gtgag	2926	0	0.0887	0.0000
gactc	1741	0	0.0528	0.0000
aagaa	5929	0	0.1797	0.0000
gactg	1670	0	0.0506	0.0000
catat	2023	0	0.0613	0.0000
aagag	4391	0	0.1331	0.0000
TCCGG	0	222	0.0000	0.1212
CACTT	0	112	0.0000	0.0612
gtgat	5146	0	0.1560	0.0000
aagac	2822	0	0.0856	0.0000
gacta	1307	0	0.0396	0.0000
TCCGC	0	121	0.0000	0.0661
CTGCT	0	312	0.0000	0.1704
TCCGA	0	135	0.0000	0.0737
aagat	4813	0	0.1459	0.0000
CCAGT	0	178	0.0000	0.0972
CTGAA	0	237	0.0000	0.1294
cacca	6967	0	0.2112	0.0000
GGTGA	0	214	0.0000	0.1169
caccc	2160	0	0.0655	0.0000
gcaga	3831	0	0.1161	0.0000
caccg	3596	0	0.1090	0.0000
CTGAG	0	213	0.0000	0.1163
ACACC	0	126	0.0000	0.0688
CCAGG	0	194	0.0000	0.1059
ACACA	0	157	0.0000	0.0857
CTGAC	0	183	0.0000	0.0999
GAATC	0	173	0.0000	0.0945
TGGCA	0	171	0.0000	0.0934
GAATA	0	237	0.0000	0.1294
TGGCC	0	108	0.0000	0.0590
AAGTT	0	87	0.0000	0.0475
cacct	3012	0	0.0913	0.0000
TGGCG	0	268	0.0000	0.1463
GGTGC	0	180	0.0000	0.0983
gtgaa	4671	0	0.1416	0.0000
gtgac	3134	0	0.0950	0.0000
GAATG	0	205	0.0000	0.1119
GGTGG	0	218	0.0000	0.1190
GAATT	0	263	0.0000	0.1436
aagca	5301	0	0.1607	0.0000
ACAAT	0	183	0.0000	0.0999
aagcc	4592	0	0.1392	0.0000
GCTTG	0	195	0.0000	0.1065
tagga	1167	0	0.0354	0.0000
TGGCT	0	243	0.0000	0.1327
AAGTC	0	105	0.0000	0.0573
taggc	1731	0	0.0525	0.0000
AAGTA	0	142	0.0000	0.0775
catct	3451	0	0.1046	0.0000
CATTG	0	153	0.0000	0.0835
AAGTG	0	122	0.0000	0.0666
taggg	1153	0	0.0350	0.0000
gcagt	3330	0	0.1010	0.0000
CATTC	0	254	0.0000	0.1387
GGTGT	0	159	0.0000	0.0868
CATTA	0	167	0.0000	0.0912
GCTTA	0	233	0.0000	0.1272
aagcg	5807	0	0.1760	0.0000
GCTTC	0	340	0.0000	0.1857
GCTTT	0	287	0.0000	0.1567
ACAAC	0	148	0.0000	0.0808
GGCGA	0	259	0.0000	0.1414
GGCGC	0	214	0.0000	0.1169
ACAAG	0	121	0.0000	0.0661
gcagc	4359	0	0.1321	0.0000
CATTT	0	221	0.0000	0.1207
aagct	4289	0	0.1300	0.0000
gcagg	2528	0	0.0766	0.0000
CTGAT	0	305	0.0000	0.1665
GGCGG	0	363	0.0000	0.1982
AACGC	0	215	0.0000	0.1174
AACGA	0	180	0.0000	0.0983
GCCTC	0	98	0.0000	0.0535
GCCTA	0	105	0.0000	0.0573
AATGT	0	126	0.0000	0.0688
TGGAA	0	218	0.0000	0.1190
TGGAC	0	105	0.0000	0.0573
GGCGT	0	296	0.0000	0.1616
TCCCT	0	161	0.0000	0.0879
TGGAG	0	137	0.0000	0.0748
GCCTG	0	167	0.0000	0.0912
GCCTT	0	151	0.0000	0.0825
AATGC	0	246	0.0000	0.1343
TGGAT	0	174	0.0000	0.0950
AATGG	0	215	0.0000	0.1174
TCCCG	0	151	0.0000	0.0825
tagaa	2967	0	0.0899	0.0000
TCCCC	0	180	0.0000	0.0983
tagac	1620	0	0.0491	0.0000
TCCCA	0	145	0.0000	0.0792
CCAGC	0	272	0.0000	0.1485
CCAGA	0	178	0.0000	0.0972
AATGA	0	229	0.0000	0.1250
cagga	1763	0	0.0534	0.0000
caggc	2366	0	0.0717	0.0000
caggg	1519	0	0.0460	0.0000
CCACG	0	143	0.0000	0.0781
TCTGT	0	156	0.0000	0.0852
CCACC	0	97	0.0000	0.0530
tagag	2275	0	0.0690	0.0000
gagtt	3715	0	0.1126	0.0000
cataa	2837	0	0.0860	0.0000
caggt	2313	0	0.0701	0.0000
catac	2046	0	0.0620	0.0000
gagtg	2748	0	0.0833	0.0000
TCTGG	0	230	0.0000	0.1256
catag	1785	0	0.0541	0.0000
tagat	1950	0	0.0591	0.0000
CCACT	0	101	0.0000	0.0551
TCTGC	0	243	0.0000	0.1327
TAAGT	0	153	0.0000	0.0835
TCTGA	0	211	0.0000	0.1152
AACGT	0	218	0.0000	0.1190
tagca	2146	0	0.0651	0.0000
tagcc	2199	0	0.0667	0.0000
TAAGG	0	133	0.0000	0.0726
tagcg	2645	0	0.0802	0.0000
TAAGC	0	211	0.0000	0.1152
gcact	3237	0	0.0981	0.0000
gcacg	2455	0	0.0744	0.0000
TAAGA	0	146	0.0000	0.0797
AACGG	0	241	0.0000	0.1316
gcaca	2968	0	0.0900	0.0000
gcacc	3144	0	0.0953	0.0000
CCTGA	0	207	0.0000	0.1130
tgttc	3745	0	0.1135	0.0000
tgttg	5883	0	0.1783	0.0000
CGGAT	0	194	0.0000	0.1059
GGAGT	0	98	0.0000	0.0535
GGAGG	0	147	0.0000	0.0803
CAAGG	0	111	0.0000	0.0606
TGAAA	0	204	0.0000	0.1114
cgcgt	2994	0	0.0908	0.0000
TGAAC	0	240	0.0000	0.1310
cccta	1136	0	0.0344	0.0000
CGGAA	0	188	0.0000	0.1027
ccctc	1140	0	0.0346	0.0000
GCATC	0	179	0.0000	0.0977
TGAAG	0	179	0.0000	0.0977
CGGAC	0	167	0.0000	0.0912
GCATA	0	123	0.0000	0.0672
ttagt	2131	0	0.0646	0.0000
ccctg	1508	0	0.0457	0.0000
CGGAG	0	172	0.0000	0.0939
ttagg	1852	0	0.0561	0.0000
agggc	1745	0	0.0529	0.0000
CCTGG	0	173	0.0000	0.0945
aggga	1431	0	0.0434	0.0000
tgtta	2768	0	0.0839	0.0000
CAAGT	0	98	0.0000	0.0535
CCTGC	0	264	0.0000	0.1442
GCATG	0	197	0.0000	0.1076
cctta	1894	0	0.0574	0.0000
TGAAT	0	226	0.0000	0.1234
TTGGG	0	134	0.0000	0.0732
ccttc	2901	0	0.0879	0.0000
GCATT	0	213	0.0000	0.1163
caatt	4541	0	0.1377	0.0000
ACGCT	0	196	0.0000	0.1070
TTGGC	0	180	0.0000	0.0983
ccttg	3639	0	0.1103	0.0000
agggg	1374	0	0.0417	0.0000
TTGGA	0	99	0.0000	0.0541
GTTGG	0	151	0.0000	0.0825
agtaa	3309	0	0.1003	0.0000
agggt	1584	0	0.0480	0.0000
GTTGC	0	163	0.0000	0.0890
tgctc	4383	0	0.1329	0.0000
GTTGA	0	176	0.0000	0.0961
CCTGT	0	154	0.0000	0.0841
tgcta	2189	0	0.0664	0.0000
ACGCA	0	163	0.0000	0.0890
CCCGC	0	160	0.0000	0.0874
acgtc	2033	0	0.0616	0.0000
TTTAC	0	309	0.0000	0.1687
tgttt	5794	0	0.1757	0.0000
CCCGA	0	154	0.0000	0.0841
TTGGT	0	238	0.0000	0.1300
agtag	1882	0	0.0571	0.0000
TTTAA	0	267	0.0000	0.1458
ccttt	3874	0	0.1174	0.0000
ACGCC	0	134	0.0000	0.0732
agtac	2272	0	0.0689	0.0000
acgta	2175	0	0.0659	0.0000
cgcgc	3081	0	0.0934	0.0000
cgcga	3292	0	0.0998	0.0000
ACGCG	0	180	0.0000	0.0983
GTTGT	0	193	0.0000	0.1054
cgcgg	2321	0	0.0704	0.0000
acgtg	2398	0	0.0727	0.0000
TTTAG	0	125	0.0000	0.0683
acgtt	3740	0	0.1134	0.0000
tgctt	5289	0	0.1603	0.0000
agtat	1961	0	0.0594	0.0000
CCCCG	0	201	0.0000	0.1098
CCCCC	0	117	0.0000	0.0639
ACGGA	0	156	0.0000	0.0852
CCCCA	0	171	0.0000	0.0934
tgctg	6006	0	0.1821	0.0000
agcac	3340	0	0.1013	0.0000
GTCGG	0	246	0.0000	0.1343
agcaa	6682	0	0.2026	0.0000
CCCCT	0	166	0.0000	0.0906
GTCGC	0	158	0.0000	0.0863
GTCGA	0	157	0.0000	0.0857
ccctt	2116	0	0.0641	0.0000
agcag	4097	0	0.1242	0.0000
agtcc	946	0	0.0287	0.0000
agtca	2690	0	0.0815	0.0000
GTCGT	0	239	0.0000	0.1305
CAAGC	0	190	0.0000	0.1037
CAAGA	0	115	0.0000	0.0628
agtcg	2198	0	0.0666	0.0000
agcat	3440	0	0.1043	0.0000
agtct	1534	0	0.0465	0.0000
cgccg	2759	0	0.0836	0.0000
TATTG	0	147	0.0000	0.0803
CCCAG	0	189	0.0000	0.1032
TATTC	0	240	0.0000	0.1310
CAACG	0	225	0.0000	0.1229
ttact	3297	0	0.1000	0.0000
TATTA	0	177	0.0000	0.0966
CCCAC	0	127	0.0000	0.0693
CCCAA	0	149	0.0000	0.0814
CAACC	0	129	0.0000	0.0704
CAACA	0	171	0.0000	0.0934
cgcct	2910	0	0.0882	0.0000
CCTCG	0	107	0.0000	0.0584
aggca	3101	0	0.0940	0.0000
accgc	3826	0	0.1160	0.0000
ggctt	4549	0	0.1379	0.0000
ttacc	3931	0	0.1192	0.0000
CCCAT	0	153	0.0000	0.0835
CAACT	0	116	0.0000	0.0633
CCTCC	0	107	0.0000	0.0584
ttacg	3032	0	0.0919	0.0000
CCTCA	0	125	0.0000	0.0683
accga	3371	0	0.1022	0.0000
TCAGT	0	171	0.0000	0.0934
TTGCC	0	181	0.0000	0.0988
aggcg	2690	0	0.0815	0.0000
cgtct	2196	0	0.0666	0.0000
TTGCA	0	135	0.0000	0.0737
accgg	1524	0	0.0462	0.0000
aggcc	1679	0	0.0509	0.0000
CCTCT	0	115	0.0000	0.0628
accgt	3028	0	0.0918	0.0000
TCAGG	0	143	0.0000	0.0781
TTGCG	0	181	0.0000	0.0988
TCAGC	0	314	0.0000	0.1715
TCAGA	0	169	0.0000	0.0923
aggct	2430	0	0.0737	0.0000
cgccc	2033	0	0.0616	0.0000
cgcca	6000	0	0.1819	0.0000
TTGCT	0	208	0.0000	0.1136
CAAAG	0	112	0.0000	0.0612
ggttt	5325	0	0.1614	0.0000
CCGGG	0	259	0.0000	0.1414
TACTT	0	170	0.0000	0.0928
cgtga	3484	0	0.1056	0.0000
CAAAC	0	175	0.0000	0.0956
CCGGC	0	239	0.0000	0.1305
CAAAA	0	141	0.0000	0.0770
CCGGA	0	200	0.0000	0.1092
cgtgc	2470	0	0.0749	0.0000
caata	4709	0	0.1428	0.0000
caatc	4791	0	0.1452	0.0000
cgtgg	2620	0	0.0794	0.0000
CCTAG	0	115	0.0000	0.0628
caatg	5662	0	0.1716	0.0000
TACTG	0	183	0.0000	0.0999
CAAAT	0	182	0.0000	0.0994
CCTAC	0	116	0.0000	0.0633
ggttg	4129	0	0.1252	0.0000
CCTAA	0	117	0.0000	0.0639
CCGGT	0	202	0.0000	0.1103
TACTC	0	144	0.0000	0.0786
ggtta	2953	0	0.0895	0.0000
TACTA	0	133	0.0000	0.0726
cgtgt	2083	0	0.0631	0.0000
ggttc	2256	0	0.0684	0.0000
gtagt	1851	0	0.0561	0.0000
TTGAA	0	178	0.0000	0.0972
GTGTG	0	181	0.0000	0.0988
ttaga	2512	0	0.0762	0.0000
ttagc	3045	0	0.0923	0.0000
GTGTC	0	127	0.0000	0.0693
CCTAT	0	114	0.0000	0.0622
GTGTA	0	135	0.0000	0.0737
ggctc	2278	0	0.0691	0.0000
ggcta	2239	0	0.0679	0.0000
ACGAT	0	151	0.0000	0.0825
TTGAG	0	143	0.0000	0.0781
ggctg	2992	0	0.0907	0.0000
TTGAC	0	173	0.0000	0.0945
ACGAC	0	103	0.0000	0.0562
GTGTT	0	157	0.0000	0.0857
ACGAA	0	200	0.0000	0.1092
ACGAG	0	163	0.0000	0.0890
TATTT	0	212	0.0000	0.1158
TTGAT	0	241	0.0000	0.1316
cgggg	874	0	0.0265	0.0000
actct	2670	0	0.0809	0.0000
TTTGT	0	238	0.0000	0.1300
TCATT	0	221	0.0000	0.1207
gtaga	2198	0	0.0666	0.0000
gtagc	2096	0	0.0635	0.0000
cgtac	1865	0	0.0565	0.0000
cgtaa	2909	0	0.0882	0.0000
cgggt	1718	0	0.0521	0.0000
ccgta	1749	0	0.0530	0.0000
gtagg	1347	0	0.0408	0.0000
cgtag	1787	0	0.0542	0.0000
ccgtc	1909	0	0.0579	0.0000
TTCGC	0	208	0.0000	0.1136
accca	3230	0	0.0979	0.0000
TCATG	0	248	0.0000	0.1354
ccgtg	2239	0	0.0679	0.0000
TTCGA	0	162	0.0000	0.0885
TCATC	0	243	0.0000	0.1327
acccg	1720	0	0.0521	0.0000
TCATA	0	159	0.0000	0.0868
acccc	1366	0	0.0414	0.0000
TTCGG	0	264	0.0000	0.1442
TTCGT	0	231	0.0000	0.1261
accct	1536	0	0.0466	0.0000
cgggc	1481	0	0.0449	0.0000
cggga	1018	0	0.0309	0.0000
cgcac	2678	0	0.0812	0.0000
CCGCG	0	154	0.0000	0.0841
cgcag	3424	0	0.1038	0.0000
CCGCC	0	143	0.0000	0.0781
TGAGA	0	193	0.0000	0.1054
CCGCA	0	119	0.0000	0.0650
TGAGC	0	220	0.0000	0.1201
cgtca	3611	0	0.1095	0.0000
TGAGG	0	145	0.0000	0.0792
cgcat	3398	0	0.1030	0.0000
cgtcc	1233	0	0.0374	0.0000
cgtcg	2466	0	0.0748	0.0000
CCGCT	0	188	0.0000	0.1027
aaagc	6671	0	0.2022	0.0000
TGAGT	0	140	0.0000	0.0764
aaaga	5781	0	0.1753	0.0000
aggag	1247	0	0.0378	0.0000
cgtat	2319	0	0.0703	0.0000
aggac	942	0	0.0286	0.0000
gtact	2310	0	0.0700	0.0000
aaagg	3884	0	0.1177	0.0000
ccgtt	3001	0	0.0910	0.0000
aggaa	2548	0	0.0772	0.0000
actga	3765	0	0.1141	0.0000
TTTGA	0	215	0.0000	0.1174
aaagt	4650	0	0.1410	0.0000
actgc	3330	0	0.1010	0.0000
aggat	1929	0	0.0585	0.0000
TTTGG	0	209	0.0000	0.1141
actgg	3595	0	0.1090	0.0000
TTTGC	0	214	0.0000	0.1169
actgt	2273	0	0.0689	0.0000
cgcaa	4458	0	0.1351	0.0000
cggcc	1860	0	0.0564	0.0000
cggca	3613	0	0.1095	0.0000
cccgg	723	0	0.0219	0.0000
TTTCT	0	206	0.0000	0.1125
CCGAG	0	168	0.0000	0.0917
cggcg	2834	0	0.0859	0.0000
CCGAC	0	138	0.0000	0.0754
GGATA	0	162	0.0000	0.0885
CCGAA	0	155	0.0000	0.0846
cccgt	1318	0	0.0400	0.0000
gtaca	2069	0	0.0627	0.0000
gtacc	1951	0	0.0591	0.0000
CCGAT	0	191	0.0000	0.1043
cggct	2676	0	0.0811	0.0000
gtacg	1907	0	0.0578	0.0000
GGATC	0	112	0.0000	0.0612
acgga	1768	0	0.0536	0.0000
gggtt	2545	0	0.0772	0.0000
GGATG	0	217	0.0000	0.1185
cctgt	1985	0	0.0602	0.0000
acggg	1306	0	0.0396	0.0000
TTCCG	0	214	0.0000	0.1169
aaaag	6005	0	0.1820	0.0000
acggc	3009	0	0.0912	0.0000
aaaaa	9157	0	0.2776	0.0000
TTCCC	0	208	0.0000	0.1136
gtaat	2994	0	0.0908	0.0000
aaaac	7070	0	0.2143	0.0000
TTCCA	0	183	0.0000	0.0999
GGATT	0	216	0.0000	0.1179
aaaat	6846	0	0.2075	0.0000
actac	1851	0	0.0561	0.0000
TTCCT	0	241	0.0000	0.1316
GTTTG	0	198	0.0000	0.1081
actaa	2200	0	0.0667	0.0000
acggt	3106	0	0.0942	0.0000
GTTTC	0	217	0.0000	0.1185
GTTTA	0	229	0.0000	0.1250
cccga	1213	0	0.0368	0.0000
actag	1083	0	0.0328	0.0000
cccgc	1726	0	0.0523	0.0000
actat	1785	0	0.0541	0.0000
TTTAT	0	280	0.0000	0.1529
GTTTT	0	208	0.0000	0.1136
TGACA	0	139	0.0000	0.0759
TGACC	0	193	0.0000	0.1054
TGACG	0	170	0.0000	0.0928
gtaaa	4298	0	0.1303	0.0000
gtaac	2652	0	0.0804	0.0000
aaaca	6023	0	0.1826	0.0000
gtaag	2601	0	0.0789	0.0000
TGACT	0	149	0.0000	0.0814
aaacg	5139	0	0.1558	0.0000
gggtg	2241	0	0.0679	0.0000
accag	3367	0	0.1021	0.0000
TTCAC	0	197	0.0000	0.1076
accaa	7453	0	0.2259	0.0000
aaacc	5732	0	0.1738	0.0000
TTCAA	0	230	0.0000	0.1256
accac	4893	0	0.1483	0.0000
GTCTG	0	204	0.0000	0.1114
GTCTC	0	98	0.0000	0.0535
GTCTA	0	99	0.0000	0.0541
gggtc	1136	0	0.0344	0.0000
gggta	1967	0	0.0596	0.0000
TTCAG	0	254	0.0000	0.1387
TTCAT	0	251	0.0000	0.1371
accat	4446	0	0.1348	0.0000
actcg	2477	0	0.0751	0.0000
TTTCC	0	259	0.0000	0.1414
actca	3832	0	0.1162	0.0000
TTTCA	0	205	0.0000	0.1119
aaact	4804	0	0.1456	0.0000
actcc	1331	0	0.0404	0.0000
GTCTT	0	183	0.0000	0.0999
TTTCG	0	170	0.0000	0.0928
tgtct	2714	0	0.0823	0.0000
tgcat	3131	0	0.0949	0.0000
tgtcc	1508	0	0.0457	0.0000
tgtcg	3372	0	0.1022	0.0000
gagat	3239	0	0.0982	0.0000
tgccc	2355	0	0.0714	0.0000
tgccg	3657	0	0.1109	0.0000
gagct	3358	0	0.1018	0.0000
gagcg	3130	0	0.0949	0.0000
gagca	4269	0	0.1294	0.0000
gagcc	2390	0	0.0725	0.0000
tgcca	5830	0	0.1767	0.0000
TTGTT	0	218	0.0000	0.1190
tgcct	2947	0	0.0893	0.0000
atagg	1468	0	0.0445	0.0000
ataga	2306	0	0.0699	0.0000
atagc	2462	0	0.0746	0.0000
tgtga	2993	0	0.0907	0.0000
gagag	2298	0	0.0697	0.0000
tgtgc	2923	0	0.0886	0.0000
gagaa	3693	0	0.1120	0.0000
atagt	1806	0	0.0548	0.0000
gagac	1588	0	0.0481	0.0000
agttc	3038	0	0.0921	0.0000
agtta	2490	0	0.0755	0.0000
cgctc	3172	0	0.0962	0.0000
cgcta	2596	0	0.0787	0.0000
cgctg	4286	0	0.1299	0.0000
cgctt	5882	0	0.1783	0.0000
cgttg	4597	0	0.1394	0.0000
ataaa	4840	0	0.1467	0.0000
tgggc	2664	0	0.0808	0.0000
tgggg	1791	0	0.0543	0.0000
aggta	2538	0	0.0769	0.0000
TTGTC	0	159	0.0000	0.0868
TTGTA	0	160	0.0000	0.0874
cgttt	5303	0	0.1608	0.0000
aggtg	2943	0	0.0892	0.0000
aggtc	1676	0	0.0508	0.0000
ataag	2545	0	0.0772	0.0000
TTGTG	0	188	0.0000	0.1027
ataac	3129	0	0.0949	0.0000
tggga	1885	0	0.0571	0.0000
aggtt	2955	0	0.0896	0.0000
tgtat	2213	0	0.0671	0.0000
tcgtt	3749	0	0.1137	0.0000
ataat	2528	0	0.0766	0.0000
tgtac	2047	0	0.0621	0.0000
tgtaa	2540	0	0.0770	0.0000
tgggt	3146	0	0.0954	0.0000
tcgta	2201	0	0.0667	0.0000
tgtag	1882	0	0.0571	0.0000
tcgtc	2978	0	0.0903	0.0000
tcgtg	2701	0	0.0819	0.0000
tgcac	3079	0	0.0933	0.0000
ataca	2136	0	0.0648	0.0000
tgcaa	4457	0	0.1351	0.0000
atacc	3283	0	0.0995	0.0000
tgcag	3571	0	0.1083	0.0000
tgtca	2939	0	0.0891	0.0000
atact	2011	0	0.0610	0.0000
atacg	2371	0	0.0719	0.0000
acttg	3901	0	0.1183	0.0000
acttc	3918	0	0.1188	0.0000
aaatt	5219	0	0.1582	0.0000
ATTTC	0	212	0.0000	0.1158
ATTTG	0	242	0.0000	0.1321
agcga	4335	0	0.1314	0.0000
ATTTA	0	285	0.0000	0.1556
acttt	5009	0	0.1519	0.0000
agcgg	3190	0	0.0967	0.0000
agcgc	4426	0	0.1342	0.0000
ctact	1861	0	0.0564	0.0000
accta	2109	0	0.0639	0.0000
agcgt	3828	0	0.1160	0.0000
AGATT	0	219	0.0000	0.1196
acctg	2489	0	0.0755	0.0000
acctc	1932	0	0.0586	0.0000
AGATG	0	216	0.0000	0.1179
AGATA	0	178	0.0000	0.0972
AGATC	0	112	0.0000	0.0612
ctaga	1821	0	0.0552	0.0000
acctt	3977	0	0.1206	0.0000
ctagc	1673	0	0.0507	0.0000
TTCTT	0	325	0.0000	0.1775
tggtt	5733	0	0.1738	0.0000
ATCTT	0	195	0.0000	0.1065
ttaat	3570	0	0.1082	0.0000
tggtc	3407	0	0.1033	0.0000
tggta	3526	0	0.1069	0.0000
ctagt	1128	0	0.0342	0.0000
tggtg	6747	0	0.2045	0.0000
ATCTG	0	217	0.0000	0.1185
ctagg	1326	0	0.0402	0.0000
ttaaa	4741	0	0.1437	0.0000
ttaac	3514	0	0.1065	0.0000
cgttc	2468	0	0.0748	0.0000
cgtta	3187	0	0.0966	0.0000
ttaag	3088	0	0.0936	0.0000
gtata	1157	0	0.0351	0.0000
gtatc	2556	0	0.0775	0.0000
ATCTC	0	196	0.0000	0.1070
gtatg	2048	0	0.0621	0.0000
ATCTA	0	132	0.0000	0.0721
ttaca	2548	0	0.0772	0.0000
gtatt	3819	0	0.1158	0.0000
ATTTT	0	211	0.0000	0.1152
TTTTG	0	183	0.0000	0.0999
tctta	2345	0	0.0711	0.0000
taatt	2726	0	0.0826	0.0000
TTTTC	0	205	0.0000	0.1119
tcttc	5232	0	0.1586	0.0000
TTTTA	0	209	0.0000	0.1141
tcttg	4711	0	0.1428	0.0000
cggtc	1697	0	0.0514	0.0000
taata	2220	0	0.0673	0.0000
tgtgg	3199	0	0.0970	0.0000
cggta	2782	0	0.0843	0.0000
taatc	2715	0	0.0823	0.0000
TTTTT	0	125	0.0000	0.0683
cggtg	3604	0	0.1093	0.0000
taatg	3401	0	0.1031	0.0000
ctaaa	3425	0	0.1038	0.0000
agccc	1946	0	0.0590	0.0000
ctaac	2364	0	0.0717	0.0000
agcca	5142	0	0.1559	0.0000
tgtgt	2360	0	0.0715	0.0000
ctaag	2132	0	0.0646	0.0000
tgcgg	3031	0	0.0919	0.0000
agccg	2582	0	0.0783	0.0000
agcct	2427	0	0.0736	0.0000
tgcgt	3646	0	0.1105	0.0000
TTCTG	0	266	0.0000	0.1452
tcttt	5886	0	0.1784	0.0000
TTCTC	0	138	0.0000	0.0754
TTCTA	0	157	0.0000	0.0857
tgcga	3297	0	0.1000	0.0000
tgcgc	4135	0	0.1254	0.0000
tcctt	2222	0	0.0674	0.0000
ctaca	1848	0	0.0560	0.0000
tccta	1155	0	0.0350	0.0000
tcctc	1596	0	0.0484	0.0000
tcctg	1766	0	0.0535	0.0000
ctacc	1988	0	0.0603	0.0000
TGATA	0	249	0.0000	0.1360
ctacg	1711	0	0.0519	0.0000
TGATC	0	178	0.0000	0.0972
cggtt	3436	0	0.1042	0.0000
TGATG	0	379	0.0000	0.2069
agtgg	3559	0	0.1079	0.0000
aaata	4424	0	0.1341	0.0000
ctaat	1965	0	0.0596	0.0000
agtgc	3291	0	0.0998	0.0000
TGATT	0	274	0.0000	0.1496
agtga	4171	0	0.1264	0.0000
aaatg	5246	0	0.1590	0.0000
aaatc	5422	0	0.1644	0.0000
actta	2552	0	0.0774	0.0000
agtgt	2532	0	0.0768	0.0000
